13 9 8 [(0, 2), (0, 3), (0, 5), (0, 6), (0, 8), (1, 0), (2, 6), (4, 0), (4, 9), (7, 0), (9, 0), (9, 2), (9, 8)]
15 9 7 [(0, 2), (0, 3), (0, 5), (0, 6), (0, 8), (1, 0), (2, 6), (4, 0), (4, 9), (7, 0), (9, 0), (9, 2), (8, 9), (9, 9), (9, 7)]
16 9 6 [(0, 2), (0, 3), (0, 5), (0, 6), (0, 8), (1, 0), (2, 6), (4, 0), (4, 9), (7, 0), (9, 0), (9, 2), (8, 9), (9, 9), (8, 8), (9, 6)]
15 8 8 [(0, 2), (0, 3), (0, 5), (0, 6), (0, 8), (1, 0), (2, 6), (4, 0), (4, 9), (7, 0), (9, 0), (9, 2), (8, 9), (9, 9), (8, 8)]
16 8 7 [(0, 2), (0, 3), (0, 5), (0, 6), (0, 8), (1, 0), (2, 6), (4, 0), (4, 9), (7, 0), (9, 0), (9, 2), (8, 9), (9, 9), (7, 9), (8, 7)]
16 8 6 [(0, 2), (0, 3), (0, 5), (0, 6), (0, 8), (1, 0), (2, 6), (4, 0), (4, 9), (7, 0), (9, 0), (9, 2), (8, 9), (9, 9), (7, 9), (8, 6)]
17 7 5 [(0, 2), (0, 3), (0, 5), (0, 6), (0, 8), (1, 0), (2, 6), (4, 0), (4, 9), (7, 0), (9, 0), (9, 2), (8, 9), (9, 9), (7, 9), (9, 5), (7, 5)]
19 7 6 [(0, 2), (0, 3), (0, 5), (0, 6), (0, 8), (1, 0), (2, 6), (4, 0), (4, 9), (7, 0), (9, 0), (9, 2), (8, 9), (9, 9), (7, 9), (9, 5), (6, 6), (6, 4), (7, 6)]
21 7 7 [(0, 2), (0, 3), (0, 5), (0, 6), (0, 8), (1, 0), (2, 6), (4, 0), (4, 9), (7, 0), (9, 0), (9, 2), (8, 9), (9, 9), (7, 9), (9, 5), (6, 6), (6, 4), (8, 5), (6, 5), (7, 7)]
20 6 5 [(0, 2), (0, 3), (0, 5), (0, 6), (0, 8), (1, 0), (2, 6), (4, 0), (4, 9), (7, 0), (9, 0), (9, 2), (8, 9), (9, 9), (7, 9), (9, 5), (6, 6), (6, 4), (8, 5), (6, 5)]
19 8 5 [(0, 2), (0, 3), (0, 5), (0, 6), (0, 8), (1, 0), (2, 6), (4, 0), (4, 9), (7, 0), (9, 0), (9, 2), (8, 9), (9, 9), (7, 9), (9, 5), (6, 6), (6, 4), (8, 5)]
20 7 4 [(0, 2), (0, 3), (0, 5), (0, 6), (0, 8), (1, 0), (2, 6), (4, 0), (4, 9), (7, 0), (9, 0), (9, 2), (8, 9), (9, 9), (7, 9), (9, 5), (6, 6), (6, 4), (9, 4), (7, 4)]
20 8 4 [(0, 2), (0, 3), (0, 5), (0, 6), (0, 8), (1, 0), (2, 6), (4, 0), (4, 9), (7, 0), (9, 0), (9, 2), (8, 9), (9, 9), (7, 9), (9, 5), (6, 6), (6, 4), (9, 4), (8, 4)]
20 9 3 [(0, 2), (0, 3), (0, 5), (0, 6), (0, 8), (1, 0), (2, 6), (4, 0), (4, 9), (7, 0), (9, 0), (9, 2), (8, 9), (9, 9), (7, 9), (9, 5), (6, 6), (6, 4), (9, 4), (9, 3)]
19 9 4 [(0, 2), (0, 3), (0, 5), (0, 6), (0, 8), (1, 0), (2, 6), (4, 0), (4, 9), (7, 0), (9, 0), (9, 2), (8, 9), (9, 9), (7, 9), (9, 5), (6, 6), (6, 4), (9, 4)]
19 8 3 [(0, 2), (0, 3), (0, 5), (0, 6), (0, 8), (1, 0), (2, 6), (4, 0), (4, 9), (7, 0), (9, 0), (9, 2), (8, 9), (9, 9), (7, 9), (9, 5), (6, 6), (6, 4), (8, 3)]
20 8 2 [(0, 2), (0, 3), (0, 5), (0, 6), (0, 8), (1, 0), (2, 6), (4, 0), (4, 9), (7, 0), (9, 0), (9, 2), (8, 9), (9, 9), (7, 9), (9, 5), (6, 6), (6, 4), (7, 3), (8, 2)]
21 7 1 [(0, 2), (0, 3), (0, 5), (0, 6), (0, 8), (1, 0), (2, 6), (4, 0), (4, 9), (7, 0), (9, 0), (9, 2), (8, 9), (9, 9), (7, 9), (9, 5), (6, 6), (6, 4), (7, 3), (9, 1), (7, 1)]
26 7 2 [(0, 2), (0, 3), (0, 5), (0, 6), (0, 8), (1, 0), (2, 6), (4, 0), (4, 9), (7, 0), (9, 0), (9, 2), (8, 9), (9, 9), (7, 9), (9, 5), (6, 6), (6, 4), (7, 3), (9, 1), (8, 1), (6, 1), (8, 0), (6, 2), (6, 0), (7, 2)]
25 6 0 [(0, 2), (0, 3), (0, 5), (0, 6), (0, 8), (1, 0), (2, 6), (4, 0), (4, 9), (7, 0), (9, 0), (9, 2), (8, 9), (9, 9), (7, 9), (9, 5), (6, 6), (6, 4), (7, 3), (9, 1), (8, 1), (6, 1), (8, 0), (6, 2), (6, 0)]
26 5 1 [(0, 2), (0, 3), (0, 5), (0, 6), (0, 8), (1, 0), (2, 6), (4, 0), (4, 9), (7, 0), (9, 0), (9, 2), (8, 9), (9, 9), (7, 9), (9, 5), (6, 6), (6, 4), (7, 3), (9, 1), (8, 1), (6, 1), (8, 0), (6, 2), (5, 0), (5, 1)]
26 4 2 [(0, 2), (0, 3), (0, 5), (0, 6), (0, 8), (1, 0), (2, 6), (4, 0), (4, 9), (7, 0), (9, 0), (9, 2), (8, 9), (9, 9), (7, 9), (9, 5), (6, 6), (6, 4), (7, 3), (9, 1), (8, 1), (6, 1), (8, 0), (6, 2), (5, 0), (4, 2)]
27 4 1 [(0, 2), (0, 3), (0, 5), (0, 6), (0, 8), (1, 0), (2, 6), (4, 0), (4, 9), (7, 0), (9, 0), (9, 2), (8, 9), (9, 9), (7, 9), (9, 5), (6, 6), (6, 4), (7, 3), (9, 1), (8, 1), (6, 1), (8, 0), (6, 2), (5, 0), (3, 1), (4, 1)]
28 3 0 [(0, 2), (0, 3), (0, 5), (0, 6), (0, 8), (1, 0), (2, 6), (4, 0), (4, 9), (7, 0), (9, 0), (9, 2), (8, 9), (9, 9), (7, 9), (9, 5), (6, 6), (6, 4), (7, 3), (9, 1), (8, 1), (6, 1), (8, 0), (6, 2), (5, 0), (3, 1), (5, 2), (3, 0)]
28 2 0 [(0, 2), (0, 3), (0, 5), (0, 6), (0, 8), (1, 0), (2, 6), (4, 0), (4, 9), (7, 0), (9, 0), (9, 2), (8, 9), (9, 9), (7, 9), (9, 5), (6, 6), (6, 4), (7, 3), (9, 1), (8, 1), (6, 1), (8, 0), (6, 2), (5, 0), (3, 1), (5, 2), (2, 0)]
27 5 2 [(0, 2), (0, 3), (0, 5), (0, 6), (0, 8), (1, 0), (2, 6), (4, 0), (4, 9), (7, 0), (9, 0), (9, 2), (8, 9), (9, 9), (7, 9), (9, 5), (6, 6), (6, 4), (7, 3), (9, 1), (8, 1), (6, 1), (8, 0), (6, 2), (5, 0), (3, 1), (5, 2)]
28 5 3 [(0, 2), (0, 3), (0, 5), (0, 6), (0, 8), (1, 0), (2, 6), (4, 0), (4, 9), (7, 0), (9, 0), (9, 2), (8, 9), (9, 9), (7, 9), (9, 5), (6, 6), (6, 4), (7, 3), (9, 1), (8, 1), (6, 1), (8, 0), (6, 2), (5, 0), (3, 1), (6, 3), (5, 3)]
27 6 3 [(0, 2), (0, 3), (0, 5), (0, 6), (0, 8), (1, 0), (2, 6), (4, 0), (4, 9), (7, 0), (9, 0), (9, 2), (8, 9), (9, 9), (7, 9), (9, 5), (6, 6), (6, 4), (7, 3), (9, 1), (8, 1), (6, 1), (8, 0), (6, 2), (5, 0), (3, 1), (6, 3)]
26 3 1 [(0, 2), (0, 3), (0, 5), (0, 6), (0, 8), (1, 0), (2, 6), (4, 0), (4, 9), (7, 0), (9, 0), (9, 2), (8, 9), (9, 9), (7, 9), (9, 5), (6, 6), (6, 4), (7, 3), (9, 1), (8, 1), (6, 1), (8, 0), (6, 2), (5, 0), (3, 1)]
26 3 2 [(0, 2), (0, 3), (0, 5), (0, 6), (0, 8), (1, 0), (2, 6), (4, 0), (4, 9), (7, 0), (9, 0), (9, 2), (8, 9), (9, 9), (7, 9), (9, 5), (6, 6), (6, 4), (7, 3), (9, 1), (8, 1), (6, 1), (8, 0), (6, 2), (5, 0), (3, 2)]
27 2 1 [(0, 2), (0, 3), (0, 5), (0, 6), (0, 8), (1, 0), (2, 6), (4, 0), (4, 9), (7, 0), (9, 0), (9, 2), (8, 9), (9, 9), (7, 9), (9, 5), (6, 6), (6, 4), (7, 3), (9, 1), (8, 1), (6, 1), (8, 0), (6, 2), (5, 0), (4, 3), (2, 1)]
27 2 2 [(0, 2), (0, 3), (0, 5), (0, 6), (0, 8), (1, 0), (2, 6), (4, 0), (4, 9), (7, 0), (9, 0), (9, 2), (8, 9), (9, 9), (7, 9), (9, 5), (6, 6), (6, 4), (7, 3), (9, 1), (8, 1), (6, 1), (8, 0), (6, 2), (5, 0), (4, 3), (2, 2)]
28 1 1 [(0, 2), (0, 3), (0, 5), (0, 6), (0, 8), (1, 0), (2, 6), (4, 0), (4, 9), (7, 0), (9, 0), (9, 2), (8, 9), (9, 9), (7, 9), (9, 5), (6, 6), (6, 4), (7, 3), (9, 1), (8, 1), (6, 1), (8, 0), (6, 2), (5, 0), (4, 3), (1, 3), (1, 1)]
30 1 2 [(0, 2), (0, 3), (0, 5), (0, 6), (0, 8), (1, 0), (2, 6), (4, 0), (4, 9), (7, 0), (9, 0), (9, 2), (8, 9), (9, 9), (7, 9), (9, 5), (6, 6), (6, 4), (7, 3), (9, 1), (8, 1), (6, 1), (8, 0), (6, 2), (5, 0), (4, 3), (1, 3), (0, 1), (0, 0), (1, 2)]
29 0 0 [(0, 2), (0, 3), (0, 5), (0, 6), (0, 8), (1, 0), (2, 6), (4, 0), (4, 9), (7, 0), (9, 0), (9, 2), (8, 9), (9, 9), (7, 9), (9, 5), (6, 6), (6, 4), (7, 3), (9, 1), (8, 1), (6, 1), (8, 0), (6, 2), (5, 0), (4, 3), (1, 3), (0, 1), (0, 0)]
28 0 1 [(0, 2), (0, 3), (0, 5), (0, 6), (0, 8), (1, 0), (2, 6), (4, 0), (4, 9), (7, 0), (9, 0), (9, 2), (8, 9), (9, 9), (7, 9), (9, 5), (6, 6), (6, 4), (7, 3), (9, 1), (8, 1), (6, 1), (8, 0), (6, 2), (5, 0), (4, 3), (1, 3), (0, 1)]
27 1 3 [(0, 2), (0, 3), (0, 5), (0, 6), (0, 8), (1, 0), (2, 6), (4, 0), (4, 9), (7, 0), (9, 0), (9, 2), (8, 9), (9, 9), (7, 9), (9, 5), (6, 6), (6, 4), (7, 3), (9, 1), (8, 1), (6, 1), (8, 0), (6, 2), (5, 0), (4, 3), (1, 3)]
29 1 4 [(0, 2), (0, 3), (0, 5), (0, 6), (0, 8), (1, 0), (2, 6), (4, 0), (4, 9), (7, 0), (9, 0), (9, 2), (8, 9), (9, 9), (7, 9), (9, 5), (6, 6), (6, 4), (7, 3), (9, 1), (8, 1), (6, 1), (8, 0), (6, 2), (5, 0), (4, 3), (2, 3), (0, 4), (1, 4)]
31 1 5 [(0, 2), (0, 3), (0, 5), (0, 6), (0, 8), (1, 0), (2, 6), (4, 0), (4, 9), (7, 0), (9, 0), (9, 2), (8, 9), (9, 9), (7, 9), (9, 5), (6, 6), (6, 4), (7, 3), (9, 1), (8, 1), (6, 1), (8, 0), (6, 2), (5, 0), (4, 3), (2, 3), (0, 4), (2, 4), (2, 5), (1, 5)]
31 1 6 [(0, 2), (0, 3), (0, 5), (0, 6), (0, 8), (1, 0), (2, 6), (4, 0), (4, 9), (7, 0), (9, 0), (9, 2), (8, 9), (9, 9), (7, 9), (9, 5), (6, 6), (6, 4), (7, 3), (9, 1), (8, 1), (6, 1), (8, 0), (6, 2), (5, 0), (4, 3), (2, 3), (0, 4), (2, 4), (2, 5), (1, 6)]
33 1 7 [(0, 2), (0, 3), (0, 5), (0, 6), (0, 8), (1, 0), (2, 6), (4, 0), (4, 9), (7, 0), (9, 0), (9, 2), (8, 9), (9, 9), (7, 9), (9, 5), (6, 6), (6, 4), (7, 3), (9, 1), (8, 1), (6, 1), (8, 0), (6, 2), (5, 0), (4, 3), (2, 3), (0, 4), (2, 4), (2, 5), (2, 7), (0, 7), (1, 7)]
33 2 8 [(0, 2), (0, 3), (0, 5), (0, 6), (0, 8), (1, 0), (2, 6), (4, 0), (4, 9), (7, 0), (9, 0), (9, 2), (8, 9), (9, 9), (7, 9), (9, 5), (6, 6), (6, 4), (7, 3), (9, 1), (8, 1), (6, 1), (8, 0), (6, 2), (5, 0), (4, 3), (2, 3), (0, 4), (2, 4), (2, 5), (2, 7), (0, 7), (2, 8)]
38 2 9 [(0, 2), (0, 3), (0, 5), (0, 6), (0, 8), (1, 0), (2, 6), (4, 0), (4, 9), (7, 0), (9, 0), (9, 2), (8, 9), (9, 9), (7, 9), (9, 5), (6, 6), (6, 4), (7, 3), (9, 1), (8, 1), (6, 1), (8, 0), (6, 2), (5, 0), (4, 3), (2, 3), (0, 4), (2, 4), (2, 5), (2, 7), (0, 7), (3, 8), (1, 8), (3, 9), (3, 7), (1, 9), (2, 9)]
37 1 9 [(0, 2), (0, 3), (0, 5), (0, 6), (0, 8), (1, 0), (2, 6), (4, 0), (4, 9), (7, 0), (9, 0), (9, 2), (8, 9), (9, 9), (7, 9), (9, 5), (6, 6), (6, 4), (7, 3), (9, 1), (8, 1), (6, 1), (8, 0), (6, 2), (5, 0), (4, 3), (2, 3), (0, 4), (2, 4), (2, 5), (2, 7), (0, 7), (3, 8), (1, 8), (3, 9), (3, 7), (1, 9)]
37 0 9 [(0, 2), (0, 3), (0, 5), (0, 6), (0, 8), (1, 0), (2, 6), (4, 0), (4, 9), (7, 0), (9, 0), (9, 2), (8, 9), (9, 9), (7, 9), (9, 5), (6, 6), (6, 4), (7, 3), (9, 1), (8, 1), (6, 1), (8, 0), (6, 2), (5, 0), (4, 3), (2, 3), (0, 4), (2, 4), (2, 5), (2, 7), (0, 7), (3, 8), (1, 8), (3, 9), (3, 7), (0, 9)]
36 3 7 [(0, 2), (0, 3), (0, 5), (0, 6), (0, 8), (1, 0), (2, 6), (4, 0), (4, 9), (7, 0), (9, 0), (9, 2), (8, 9), (9, 9), (7, 9), (9, 5), (6, 6), (6, 4), (7, 3), (9, 1), (8, 1), (6, 1), (8, 0), (6, 2), (5, 0), (4, 3), (2, 3), (0, 4), (2, 4), (2, 5), (2, 7), (0, 7), (3, 8), (1, 8), (3, 9), (3, 7)]
38 3 6 [(0, 2), (0, 3), (0, 5), (0, 6), (0, 8), (1, 0), (2, 6), (4, 0), (4, 9), (7, 0), (9, 0), (9, 2), (8, 9), (9, 9), (7, 9), (9, 5), (6, 6), (6, 4), (7, 3), (9, 1), (8, 1), (6, 1), (8, 0), (6, 2), (5, 0), (4, 3), (2, 3), (0, 4), (2, 4), (2, 5), (2, 7), (0, 7), (3, 8), (1, 8), (3, 9), (4, 7), (4, 8), (3, 6)]
38 4 6 [(0, 2), (0, 3), (0, 5), (0, 6), (0, 8), (1, 0), (2, 6), (4, 0), (4, 9), (7, 0), (9, 0), (9, 2), (8, 9), (9, 9), (7, 9), (9, 5), (6, 6), (6, 4), (7, 3), (9, 1), (8, 1), (6, 1), (8, 0), (6, 2), (5, 0), (4, 3), (2, 3), (0, 4), (2, 4), (2, 5), (2, 7), (0, 7), (3, 8), (1, 8), (3, 9), (4, 7), (4, 8), (4, 6)]
37 4 8 [(0, 2), (0, 3), (0, 5), (0, 6), (0, 8), (1, 0), (2, 6), (4, 0), (4, 9), (7, 0), (9, 0), (9, 2), (8, 9), (9, 9), (7, 9), (9, 5), (6, 6), (6, 4), (7, 3), (9, 1), (8, 1), (6, 1), (8, 0), (6, 2), (5, 0), (4, 3), (2, 3), (0, 4), (2, 4), (2, 5), (2, 7), (0, 7), (3, 8), (1, 8), (3, 9), (4, 7), (4, 8)]
39 5 7 [(0, 2), (0, 3), (0, 5), (0, 6), (0, 8), (1, 0), (2, 6), (4, 0), (4, 9), (7, 0), (9, 0), (9, 2), (8, 9), (9, 9), (7, 9), (9, 5), (6, 6), (6, 4), (7, 3), (9, 1), (8, 1), (6, 1), (8, 0), (6, 2), (5, 0), (4, 3), (2, 3), (0, 4), (2, 4), (2, 5), (2, 7), (0, 7), (3, 8), (1, 8), (3, 9), (4, 7), (5, 8), (5, 9), (5, 7)]
40 5 6 [(0, 2), (0, 3), (0, 5), (0, 6), (0, 8), (1, 0), (2, 6), (4, 0), (4, 9), (7, 0), (9, 0), (9, 2), (8, 9), (9, 9), (7, 9), (9, 5), (6, 6), (6, 4), (7, 3), (9, 1), (8, 1), (6, 1), (8, 0), (6, 2), (5, 0), (4, 3), (2, 3), (0, 4), (2, 4), (2, 5), (2, 7), (0, 7), (3, 8), (1, 8), (3, 9), (4, 7), (5, 8), (5, 9), (6, 7), (5, 6)]
40 5 5 [(0, 2), (0, 3), (0, 5), (0, 6), (0, 8), (1, 0), (2, 6), (4, 0), (4, 9), (7, 0), (9, 0), (9, 2), (8, 9), (9, 9), (7, 9), (9, 5), (6, 6), (6, 4), (7, 3), (9, 1), (8, 1), (6, 1), (8, 0), (6, 2), (5, 0), (4, 3), (2, 3), (0, 4), (2, 4), (2, 5), (2, 7), (0, 7), (3, 8), (1, 8), (3, 9), (4, 7), (5, 8), (5, 9), (6, 7), (5, 5)]
41 5 4 [(0, 2), (0, 3), (0, 5), (0, 6), (0, 8), (1, 0), (2, 6), (4, 0), (4, 9), (7, 0), (9, 0), (9, 2), (8, 9), (9, 9), (7, 9), (9, 5), (6, 6), (6, 4), (7, 3), (9, 1), (8, 1), (6, 1), (8, 0), (6, 2), (5, 0), (4, 3), (2, 3), (0, 4), (2, 4), (2, 5), (2, 7), (0, 7), (3, 8), (1, 8), (3, 9), (4, 7), (5, 8), (5, 9), (6, 7), (4, 5), (5, 4)]
40 4 5 [(0, 2), (0, 3), (0, 5), (0, 6), (0, 8), (1, 0), (2, 6), (4, 0), (4, 9), (7, 0), (9, 0), (9, 2), (8, 9), (9, 9), (7, 9), (9, 5), (6, 6), (6, 4), (7, 3), (9, 1), (8, 1), (6, 1), (8, 0), (6, 2), (5, 0), (4, 3), (2, 3), (0, 4), (2, 4), (2, 5), (2, 7), (0, 7), (3, 8), (1, 8), (3, 9), (4, 7), (5, 8), (5, 9), (6, 7), (4, 5)]
40 3 5 [(0, 2), (0, 3), (0, 5), (0, 6), (0, 8), (1, 0), (2, 6), (4, 0), (4, 9), (7, 0), (9, 0), (9, 2), (8, 9), (9, 9), (7, 9), (9, 5), (6, 6), (6, 4), (7, 3), (9, 1), (8, 1), (6, 1), (8, 0), (6, 2), (5, 0), (4, 3), (2, 3), (0, 4), (2, 4), (2, 5), (2, 7), (0, 7), (3, 8), (1, 8), (3, 9), (4, 7), (5, 8), (5, 9), (6, 7), (3, 5)]
40 4 4 [(0, 2), (0, 3), (0, 5), (0, 6), (0, 8), (1, 0), (2, 6), (4, 0), (4, 9), (7, 0), (9, 0), (9, 2), (8, 9), (9, 9), (7, 9), (9, 5), (6, 6), (6, 4), (7, 3), (9, 1), (8, 1), (6, 1), (8, 0), (6, 2), (5, 0), (4, 3), (2, 3), (0, 4), (2, 4), (2, 5), (2, 7), (0, 7), (3, 8), (1, 8), (3, 9), (4, 7), (5, 8), (5, 9), (6, 7), (4, 4)]
40 3 3 [(0, 2), (0, 3), (0, 5), (0, 6), (0, 8), (1, 0), (2, 6), (4, 0), (4, 9), (7, 0), (9, 0), (9, 2), (8, 9), (9, 9), (7, 9), (9, 5), (6, 6), (6, 4), (7, 3), (9, 1), (8, 1), (6, 1), (8, 0), (6, 2), (5, 0), (4, 3), (2, 3), (0, 4), (2, 4), (2, 5), (2, 7), (0, 7), (3, 8), (1, 8), (3, 9), (4, 7), (5, 8), (5, 9), (6, 7), (3, 3)]
40 3 4 [(0, 2), (0, 3), (0, 5), (0, 6), (0, 8), (1, 0), (2, 6), (4, 0), (4, 9), (7, 0), (9, 0), (9, 2), (8, 9), (9, 9), (7, 9), (9, 5), (6, 6), (6, 4), (7, 3), (9, 1), (8, 1), (6, 1), (8, 0), (6, 2), (5, 0), (4, 3), (2, 3), (0, 4), (2, 4), (2, 5), (2, 7), (0, 7), (3, 8), (1, 8), (3, 9), (4, 7), (5, 8), (5, 9), (6, 7), (3, 4)]
39 6 7 [(0, 2), (0, 3), (0, 5), (0, 6), (0, 8), (1, 0), (2, 6), (4, 0), (4, 9), (7, 0), (9, 0), (9, 2), (8, 9), (9, 9), (7, 9), (9, 5), (6, 6), (6, 4), (7, 3), (9, 1), (8, 1), (6, 1), (8, 0), (6, 2), (5, 0), (4, 3), (2, 3), (0, 4), (2, 4), (2, 5), (2, 7), (0, 7), (3, 8), (1, 8), (3, 9), (4, 7), (5, 8), (5, 9), (6, 7)]
39 7 8 [(0, 2), (0, 3), (0, 5), (0, 6), (0, 8), (1, 0), (2, 6), (4, 0), (4, 9), (7, 0), (9, 0), (9, 2), (8, 9), (9, 9), (7, 9), (9, 5), (6, 6), (6, 4), (7, 3), (9, 1), (8, 1), (6, 1), (8, 0), (6, 2), (5, 0), (4, 3), (2, 3), (0, 4), (2, 4), (2, 5), (2, 7), (0, 7), (3, 8), (1, 8), (3, 9), (4, 7), (5, 8), (5, 9), (7, 8)]
40 6 9 [(0, 2), (0, 3), (0, 5), (0, 6), (0, 8), (1, 0), (2, 6), (4, 0), (4, 9), (7, 0), (9, 0), (9, 2), (8, 9), (9, 9), (7, 9), (9, 5), (6, 6), (6, 4), (7, 3), (9, 1), (8, 1), (6, 1), (8, 0), (6, 2), (5, 0), (4, 3), (2, 3), (0, 4), (2, 4), (2, 5), (2, 7), (0, 7), (3, 8), (1, 8), (3, 9), (4, 7), (5, 8), (5, 9), (6, 8), (6, 9)]
39 6 8 [(0, 2), (0, 3), (0, 5), (0, 6), (0, 8), (1, 0), (2, 6), (4, 0), (4, 9), (7, 0), (9, 0), (9, 2), (8, 9), (9, 9), (7, 9), (9, 5), (6, 6), (6, 4), (7, 3), (9, 1), (8, 1), (6, 1), (8, 0), (6, 2), (5, 0), (4, 3), (2, 3), (0, 4), (2, 4), (2, 5), (2, 7), (0, 7), (3, 8), (1, 8), (3, 9), (4, 7), (5, 8), (5, 9), (6, 8)]
38 5 9 [(0, 2), (0, 3), (0, 5), (0, 6), (0, 8), (1, 0), (2, 6), (4, 0), (4, 9), (7, 0), (9, 0), (9, 2), (8, 9), (9, 9), (7, 9), (9, 5), (6, 6), (6, 4), (7, 3), (9, 1), (8, 1), (6, 1), (8, 0), (6, 2), (5, 0), (4, 3), (2, 3), (0, 4), (2, 4), (2, 5), (2, 7), (0, 7), (3, 8), (1, 8), (3, 9), (4, 7), (5, 8), (5, 9)]
37 5 8 [(0, 2), (0, 3), (0, 5), (0, 6), (0, 8), (1, 0), (2, 6), (4, 0), (4, 9), (7, 0), (9, 0), (9, 2), (8, 9), (9, 9), (7, 9), (9, 5), (6, 6), (6, 4), (7, 3), (9, 1), (8, 1), (6, 1), (8, 0), (6, 2), (5, 0), (4, 3), (2, 3), (0, 4), (2, 4), (2, 5), (2, 7), (0, 7), (3, 8), (1, 8), (3, 9), (4, 7), (5, 8)]
36 4 7 [(0, 2), (0, 3), (0, 5), (0, 6), (0, 8), (1, 0), (2, 6), (4, 0), (4, 9), (7, 0), (9, 0), (9, 2), (8, 9), (9, 9), (7, 9), (9, 5), (6, 6), (6, 4), (7, 3), (9, 1), (8, 1), (6, 1), (8, 0), (6, 2), (5, 0), (4, 3), (2, 3), (0, 4), (2, 4), (2, 5), (2, 7), (0, 7), (3, 8), (1, 8), (3, 9), (4, 7)]
35 3 9 [(0, 2), (0, 3), (0, 5), (0, 6), (0, 8), (1, 0), (2, 6), (4, 0), (4, 9), (7, 0), (9, 0), (9, 2), (8, 9), (9, 9), (7, 9), (9, 5), (6, 6), (6, 4), (7, 3), (9, 1), (8, 1), (6, 1), (8, 0), (6, 2), (5, 0), (4, 3), (2, 3), (0, 4), (2, 4), (2, 5), (2, 7), (0, 7), (3, 8), (1, 8), (3, 9)]
34 1 8 [(0, 2), (0, 3), (0, 5), (0, 6), (0, 8), (1, 0), (2, 6), (4, 0), (4, 9), (7, 0), (9, 0), (9, 2), (8, 9), (9, 9), (7, 9), (9, 5), (6, 6), (6, 4), (7, 3), (9, 1), (8, 1), (6, 1), (8, 0), (6, 2), (5, 0), (4, 3), (2, 3), (0, 4), (2, 4), (2, 5), (2, 7), (0, 7), (3, 8), (1, 8)]
33 3 8 [(0, 2), (0, 3), (0, 5), (0, 6), (0, 8), (1, 0), (2, 6), (4, 0), (4, 9), (7, 0), (9, 0), (9, 2), (8, 9), (9, 9), (7, 9), (9, 5), (6, 6), (6, 4), (7, 3), (9, 1), (8, 1), (6, 1), (8, 0), (6, 2), (5, 0), (4, 3), (2, 3), (0, 4), (2, 4), (2, 5), (2, 7), (0, 7), (3, 8)]
32 0 7 [(0, 2), (0, 3), (0, 5), (0, 6), (0, 8), (1, 0), (2, 6), (4, 0), (4, 9), (7, 0), (9, 0), (9, 2), (8, 9), (9, 9), (7, 9), (9, 5), (6, 6), (6, 4), (7, 3), (9, 1), (8, 1), (6, 1), (8, 0), (6, 2), (5, 0), (4, 3), (2, 3), (0, 4), (2, 4), (2, 5), (2, 7), (0, 7)]
31 2 7 [(0, 2), (0, 3), (0, 5), (0, 6), (0, 8), (1, 0), (2, 6), (4, 0), (4, 9), (7, 0), (9, 0), (9, 2), (8, 9), (9, 9), (7, 9), (9, 5), (6, 6), (6, 4), (7, 3), (9, 1), (8, 1), (6, 1), (8, 0), (6, 2), (5, 0), (4, 3), (2, 3), (0, 4), (2, 4), (2, 5), (2, 7)]
30 2 5 [(0, 2), (0, 3), (0, 5), (0, 6), (0, 8), (1, 0), (2, 6), (4, 0), (4, 9), (7, 0), (9, 0), (9, 2), (8, 9), (9, 9), (7, 9), (9, 5), (6, 6), (6, 4), (7, 3), (9, 1), (8, 1), (6, 1), (8, 0), (6, 2), (5, 0), (4, 3), (2, 3), (0, 4), (2, 4), (2, 5)]
29 2 4 [(0, 2), (0, 3), (0, 5), (0, 6), (0, 8), (1, 0), (2, 6), (4, 0), (4, 9), (7, 0), (9, 0), (9, 2), (8, 9), (9, 9), (7, 9), (9, 5), (6, 6), (6, 4), (7, 3), (9, 1), (8, 1), (6, 1), (8, 0), (6, 2), (5, 0), (4, 3), (2, 3), (0, 4), (2, 4)]
28 0 4 [(0, 2), (0, 3), (0, 5), (0, 6), (0, 8), (1, 0), (2, 6), (4, 0), (4, 9), (7, 0), (9, 0), (9, 2), (8, 9), (9, 9), (7, 9), (9, 5), (6, 6), (6, 4), (7, 3), (9, 1), (8, 1), (6, 1), (8, 0), (6, 2), (5, 0), (4, 3), (2, 3), (0, 4)]
27 2 3 [(0, 2), (0, 3), (0, 5), (0, 6), (0, 8), (1, 0), (2, 6), (4, 0), (4, 9), (7, 0), (9, 0), (9, 2), (8, 9), (9, 9), (7, 9), (9, 5), (6, 6), (6, 4), (7, 3), (9, 1), (8, 1), (6, 1), (8, 0), (6, 2), (5, 0), (4, 3), (2, 3)]
26 4 3 [(0, 2), (0, 3), (0, 5), (0, 6), (0, 8), (1, 0), (2, 6), (4, 0), (4, 9), (7, 0), (9, 0), (9, 2), (8, 9), (9, 9), (7, 9), (9, 5), (6, 6), (6, 4), (7, 3), (9, 1), (8, 1), (6, 1), (8, 0), (6, 2), (5, 0), (4, 3)]
25 5 0 [(0, 2), (0, 3), (0, 5), (0, 6), (0, 8), (1, 0), (2, 6), (4, 0), (4, 9), (7, 0), (9, 0), (9, 2), (8, 9), (9, 9), (7, 9), (9, 5), (6, 6), (6, 4), (7, 3), (9, 1), (8, 1), (6, 1), (8, 0), (6, 2), (5, 0)]
24 6 2 [(0, 2), (0, 3), (0, 5), (0, 6), (0, 8), (1, 0), (2, 6), (4, 0), (4, 9), (7, 0), (9, 0), (9, 2), (8, 9), (9, 9), (7, 9), (9, 5), (6, 6), (6, 4), (7, 3), (9, 1), (8, 1), (6, 1), (8, 0), (6, 2)]
23 8 0 [(0, 2), (0, 3), (0, 5), (0, 6), (0, 8), (1, 0), (2, 6), (4, 0), (4, 9), (7, 0), (9, 0), (9, 2), (8, 9), (9, 9), (7, 9), (9, 5), (6, 6), (6, 4), (7, 3), (9, 1), (8, 1), (6, 1), (8, 0)]
22 6 1 [(0, 2), (0, 3), (0, 5), (0, 6), (0, 8), (1, 0), (2, 6), (4, 0), (4, 9), (7, 0), (9, 0), (9, 2), (8, 9), (9, 9), (7, 9), (9, 5), (6, 6), (6, 4), (7, 3), (9, 1), (8, 1), (6, 1)]
21 8 1 [(0, 2), (0, 3), (0, 5), (0, 6), (0, 8), (1, 0), (2, 6), (4, 0), (4, 9), (7, 0), (9, 0), (9, 2), (8, 9), (9, 9), (7, 9), (9, 5), (6, 6), (6, 4), (7, 3), (9, 1), (8, 1)]
20 9 1 [(0, 2), (0, 3), (0, 5), (0, 6), (0, 8), (1, 0), (2, 6), (4, 0), (4, 9), (7, 0), (9, 0), (9, 2), (8, 9), (9, 9), (7, 9), (9, 5), (6, 6), (6, 4), (7, 3), (9, 1)]
19 7 3 [(0, 2), (0, 3), (0, 5), (0, 6), (0, 8), (1, 0), (2, 6), (4, 0), (4, 9), (7, 0), (9, 0), (9, 2), (8, 9), (9, 9), (7, 9), (9, 5), (6, 6), (6, 4), (7, 3)]
18 6 4 [(0, 2), (0, 3), (0, 5), (0, 6), (0, 8), (1, 0), (2, 6), (4, 0), (4, 9), (7, 0), (9, 0), (9, 2), (8, 9), (9, 9), (7, 9), (9, 5), (6, 6), (6, 4)]
17 6 6 [(0, 2), (0, 3), (0, 5), (0, 6), (0, 8), (1, 0), (2, 6), (4, 0), (4, 9), (7, 0), (9, 0), (9, 2), (8, 9), (9, 9), (7, 9), (9, 5), (6, 6)]
16 9 5 [(0, 2), (0, 3), (0, 5), (0, 6), (0, 8), (1, 0), (2, 6), (4, 0), (4, 9), (7, 0), (9, 0), (9, 2), (8, 9), (9, 9), (7, 9), (9, 5)]
15 7 9 [(0, 2), (0, 3), (0, 5), (0, 6), (0, 8), (1, 0), (2, 6), (4, 0), (4, 9), (7, 0), (9, 0), (9, 2), (8, 9), (9, 9), (7, 9)]
14 9 9 [(0, 2), (0, 3), (0, 5), (0, 6), (0, 8), (1, 0), (2, 6), (4, 0), (4, 9), (7, 0), (9, 0), (9, 2), (8, 9), (9, 9)]
13 8 9 [(0, 2), (0, 3), (0, 5), (0, 6), (0, 8), (1, 0), (2, 6), (4, 0), (4, 9), (7, 0), (9, 0), (9, 2), (8, 9)]
12 9 2 [(0, 2), (0, 3), (0, 5), (0, 6), (0, 8), (1, 0), (2, 6), (4, 0), (4, 9), (7, 0), (9, 0), (9, 2)]
11 9 0 [(0, 2), (0, 3), (0, 5), (0, 6), (0, 8), (1, 0), (2, 6), (4, 0), (4, 9), (7, 0), (9, 0)]
10 7 0 [(0, 2), (0, 3), (0, 5), (0, 6), (0, 8), (1, 0), (2, 6), (4, 0), (4, 9), (7, 0)]
9 4 9 [(0, 2), (0, 3), (0, 5), (0, 6), (0, 8), (1, 0), (2, 6), (4, 0), (4, 9)]
8 4 0 [(0, 2), (0, 3), (0, 5), (0, 6), (0, 8), (1, 0), (2, 6), (4, 0)]
7 2 6 [(0, 2), (0, 3), (0, 5), (0, 6), (0, 8), (1, 0), (2, 6)]
6 1 0 [(0, 2), (0, 3), (0, 5), (0, 6), (0, 8), (1, 0)]
5 0 8 [(0, 2), (0, 3), (0, 5), (0, 6), (0, 8)]
4 0 6 [(0, 2), (0, 3), (0, 5), (0, 6)]
3 0 5 [(0, 2), (0, 3), (0, 5)]
2 0 3 [(0, 2), (0, 3)]
1 0 2 [(0, 2)]
-3 -5 -2 -2 -5 -2 -2 -1 -2 -3 
-2 -2 -2 -8 -4 -8 -4 -8 -3 -1 
-1 -1 -2 -1 -3 -8 -6 -8 -4 -1 
-1 -8 -2 -1 -1 -2 -8 -8 -4 -5 
-2 -3 -8 -1 0 -1 -3 -8 -4 -2 
-5 -4 -2 -3 -1 -2 -2 -3 -8 -1 
-5 -4 -8 -2 -8 -3 -8 -2 -1 -1 
-3 -8 -2 -2 -2 -8 -2 -1 -1 -1 
-5 -3 -3 -1 -2 -1 -2 -1 -3 -5 
-2 -5 -2 -5 -1 0 -1 -5 -3 -3 
