100 9703
0 1 135
0 2 45
0 3 135
0 4 135
0 5 135
0 6 135
0 7 45
0 8 45
0 9 135
0 10 135
0 11 135
0 12 45
0 13 45
0 14 45
0 15 45
0 16 45
0 17 45
0 18 135
0 19 45
0 20 45
0 21 135
0 22 135
0 23 45
0 24 135
0 25 135
0 26 135
0 27 45
0 28 45
0 29 45
0 30 45
0 31 135
0 32 135
0 33 135
0 34 45
0 35 135
0 36 45
0 37 45
0 38 135
0 40 45
0 41 45
0 42 45
0 43 45
0 44 45
0 45 45
0 46 45
0 47 135
0 48 135
0 49 135
0 50 135
0 51 135
0 52 135
0 53 45
0 54 135
0 55 135
0 56 135
0 57 135
0 58 135
0 59 45
0 60 135
0 61 45
0 62 135
0 63 135
0 64 45
0 65 135
0 66 135
0 67 45
0 68 45
0 69 45
0 70 135
0 71 135
0 72 135
0 73 135
0 74 45
0 75 135
0 76 135
0 77 45
0 78 135
0 79 135
0 80 135
0 81 135
0 82 135
0 83 135
0 84 45
0 85 45
0 86 135
0 87 135
0 88 135
0 89 45
0 90 45
0 91 135
0 92 45
0 93 45
0 94 45
0 95 135
0 96 135
0 97 135
0 98 45
0 99 45
1 1 135
1 2 45
1 3 45
1 4 135
1 5 45
1 6 45
1 7 135
1 8 45
1 9 135
1 10 45
1 11 45
1 12 135
1 13 135
1 14 45
1 15 45
1 16 135
1 17 45
1 18 135
1 19 45
1 20 135
1 21 45
1 22 45
1 23 45
1 24 45
1 25 135
1 26 135
1 27 135
1 28 45
1 29 45
1 30 45
1 31 45
1 32 135
1 33 45
1 34 135
1 35 45
1 36 45
1 37 135
1 38 135
1 39 135
1 40 135
1 41 45
1 42 45
1 43 135
1 44 135
1 45 45
1 46 135
1 47 135
1 48 45
1 49 135
1 50 45
1 51 45
1 52 135
1 53 45
1 54 45
1 55 45
1 56 135
1 57 135
1 58 45
1 59 135
1 60 135
1 61 45
1 62 135
1 63 45
1 64 45
1 65 45
1 66 135
1 67 45
1 68 45
1 69 45
1 70 45
1 71 45
1 72 135
1 73 45
1 74 45
1 75 45
1 76 135
1 77 45
1 78 45
1 79 45
1 80 135
1 81 135
1 82 135
1 83 135
1 84 45
1 85 135
1 86 45
1 87 135
1 88 135
1 89 135
1 90 135
1 91 135
1 92 45
1 93 135
1 94 45
1 95 135
1 96 135
1 97 135
1 98 135
1 99 45
2 1 135
2 2 45
2 3 45
2 4 45
2 5 135
2 6 45
2 7 135
2 8 45
2 9 135
2 10 135
2 11 45
2 12 135
2 13 135
2 14 135
2 15 45
2 16 45
2 17 45
2 18 45
2 19 135
2 20 135
2 21 135
2 22 135
2 23 45
2 24 45
2 25 45
2 26 135
2 27 45
2 28 135
2 29 135
2 30 135
2 31 45
2 32 45
2 33 45
2 34 45
2 35 135
2 36 45
2 38 135
2 39 135
2 40 135
2 41 45
2 42 45
2 43 45
2 44 45
2 45 135
2 46 135
2 47 45
2 48 45
2 49 45
2 50 45
2 51 45
2 52 135
2 53 45
2 54 135
2 55 135
2 56 135
2 57 135
2 58 135
2 59 135
2 60 135
2 61 45
2 62 45
2 63 45
2 64 135
2 65 45
2 66 135
2 67 45
2 68 45
2 69 45
2 70 45
2 71 135
2 72 135
2 73 45
2 74 45
2 75 45
2 76 45
2 77 135
2 78 135
2 79 45
2 80 135
2 81 45
2 82 135
2 83 135
2 84 135
2 85 45
2 86 45
2 87 45
2 88 135
2 89 45
2 90 135
2 91 135
2 92 135
2 93 135
2 94 45
2 95 135
2 96 45
2 97 45
2 98 135
2 99 135
3 1 135
3 2 45
3 3 45
3 4 45
3 5 135
3 6 45
3 7 135
3 8 45
3 9 135
3 10 45
3 11 135
3 12 45
3 13 45
3 14 45
3 15 45
3 16 135
3 17 135
3 18 45
3 19 135
3 20 45
3 21 45
3 22 45
3 23 135
3 24 135
3 25 45
3 26 45
3 27 45
3 28 45
3 29 45
3 30 135
3 31 45
3 32 45
3 33 45
3 34 45
3 35 45
3 36 135
3 37 45
3 38 45
3 39 45
3 40 135
3 41 135
3 42 135
3 43 135
3 44 45
3 45 45
3 46 135
3 47 135
3 48 135
3 49 135
3 50 135
3 51 135
3 52 135
3 53 45
3 54 135
3 55 45
3 56 135
3 57 135
3 58 45
3 59 45
3 60 45
3 61 45
3 62 45
3 63 135
3 64 135
3 65 45
3 66 45
3 67 135
3 68 45
3 69 135
3 70 45
3 71 135
3 72 45
3 73 135
3 74 45
3 75 45
3 76 135
3 77 135
3 78 45
3 79 135
3 80 135
3 81 45
3 82 135
3 83 135
3 84 45
3 85 135
3 86 135
3 87 45
3 88 45
3 89 45
3 90 135
3 91 135
3 92 135
3 93 45
3 94 45
3 95 45
3 96 45
3 97 135
3 98 45
3 99 135
4 1 45
4 2 45
4 3 135
4 4 45
4 5 45
4 6 45
4 7 135
4 8 45
4 10 135
4 11 45
4 12 135
4 13 135
4 14 135
4 15 45
4 16 135
4 17 135
4 18 135
4 19 135
4 20 45
4 21 135
4 22 45
4 23 45
4 24 135
4 25 135
4 26 135
4 27 45
4 28 45
4 29 135
4 30 45
4 31 45
4 32 45
4 33 135
4 34 45
4 35 45
4 36 45
4 37 135
4 38 135
4 39 45
4 40 45
4 42 45
4 43 45
4 44 135
4 45 135
4 46 45
4 47 45
4 48 135
4 49 45
4 50 45
4 51 135
4 52 135
4 53 45
4 54 135
4 55 45
4 56 135
4 57 135
4 58 45
4 59 135
4 60 45
4 61 45
4 62 45
4 63 135
4 64 45
4 65 45
4 66 135
4 67 135
4 68 135
4 69 45
4 70 135
4 71 45
4 72 135
4 73 45
4 74 45
4 75 135
4 76 135
4 77 135
4 78 45
4 79 135
4 80 45
4 81 45
4 82 135
4 83 135
4 84 135
4 85 135
4 86 45
4 87 45
4 88 135
4 89 45
4 90 135
4 91 135
4 92 45
4 93 135
4 94 45
4 95 45
4 96 135
4 97 45
4 98 135
4 99 135
5 1 45
5 2 45
5 3 135
5 4 45
5 5 45
5 6 135
5 7 45
5 8 45
5 9 135
5 10 135
5 11 135
5 12 45
5 13 45
5 14 45
5 15 135
5 16 135
5 17 135
5 18 45
5 19 45
5 20 135
5 21 135
5 22 135
5 23 45
5 24 45
5 25 45
5 26 135
5 27 135
5 28 135
5 29 45
5 30 135
5 31 45
5 32 45
5 33 135
5 34 45
5 35 45
5 36 45
5 37 45
5 38 135
5 39 45
5 40 135
5 41 135
5 42 135
5 43 45
5 44 45
5 45 135
5 46 45
5 47 135
5 48 45
5 49 45
5 50 45
5 51 135
5 52 135
5 53 135
5 54 45
5 55 45
5 56 45
5 57 45
5 58 135
5 59 135
5 60 45
5 61 135
5 62 45
5 63 45
5 64 45
5 65 45
5 66 45
5 67 135
5 68 45
5 69 135
5 70 45
5 71 135
5 72 45
5 73 45
5 74 135
5 75 135
5 76 45
5 77 45
5 78 135
5 79 135
5 80 135
5 81 45
5 82 45
5 83 45
5 84 135
5 85 135
5 86 45
5 87 135
5 88 135
5 89 45
5 90 135
5 91 45
5 92 45
5 93 135
5 94 135
5 95 45
5 96 45
5 97 45
5 98 135
5 99 45
6 1 135
6 2 135
6 3 135
6 4 135
6 5 45
6 6 45
6 7 135
6 8 135
6 9 135
6 10 135
6 11 135
6 12 45
6 13 135
6 14 135
6 15 45
6 16 45
6 17 135
6 18 135
6 19 45
6 20 135
6 21 135
6 22 135
6 23 45
6 24 45
6 25 135
6 26 45
6 27 135
6 28 135
6 29 45
6 30 45
6 31 45
6 32 135
6 33 135
6 34 45
6 35 45
6 36 45
6 37 45
6 39 45
6 40 135
6 41 45
6 42 135
6 43 45
6 44 45
6 45 135
6 46 135
6 47 45
6 48 135
6 49 45
6 50 45
6 51 135
6 52 45
6 53 135
6 54 135
6 55 135
6 56 135
6 57 45
6 58 45
6 59 135
6 60 45
6 61 135
6 62 45
6 63 135
6 64 135
6 65 135
6 66 45
6 67 135
6 68 45
6 69 45
6 70 45
6 71 45
6 72 45
6 73 135
6 74 135
6 75 45
6 76 45
6 77 45
6 78 45
6 79 135
6 80 45
6 81 135
6 82 45
6 83 135
6 84 135
6 85 45
6 86 45
6 87 45
6 88 45
6 89 45
6 90 45
6 91 135
6 92 45
6 93 45
6 94 135
6 95 45
6 96 135
6 97 45
6 98 135
6 99 45
7 1 135
7 2 45
7 3 135
7 4 135
7 5 135
7 6 45
7 7 45
7 8 45
7 9 45
7 10 135
7 11 135
7 12 135
7 13 135
7 14 135
7 15 45
7 16 135
7 17 45
7 18 135
7 19 45
7 20 45
7 21 135
7 22 45
7 23 45
7 24 135
7 25 45
7 26 135
7 27 135
7 28 135
7 29 45
7 30 45
7 31 45
7 32 135
7 33 135
7 34 135
7 35 45
7 36 45
7 37 135
7 38 135
7 39 45
7 41 45
7 42 45
7 43 135
7 44 45
7 45 135
7 46 45
7 47 45
7 48 45
7 49 45
7 50 135
7 51 135
7 52 45
7 53 45
7 54 45
7 55 135
7 56 135
7 57 45
7 58 135
7 59 135
7 60 45
7 61 45
7 62 45
7 63 45
7 64 135
7 65 45
7 66 135
7 67 135
7 68 135
7 69 45
7 70 135
7 71 135
7 72 135
7 73 135
7 74 135
7 75 45
7 76 135
7 77 135
7 78 135
7 79 45
7 80 45
7 81 45
7 82 135
7 83 135
7 85 135
7 87 45
7 88 45
7 89 135
7 90 135
7 91 135
7 92 45
7 93 135
7 94 135
7 95 45
7 96 135
7 97 45
7 98 135
7 99 45
8 1 45
8 2 45
8 3 45
8 4 45
8 5 135
8 6 45
8 7 45
8 8 45
8 9 45
8 10 135
8 11 135
8 12 45
8 13 45
8 14 135
8 15 135
8 16 135
8 17 135
8 18 135
8 19 45
8 20 135
8 21 45
8 22 45
8 23 45
8 24 45
8 25 135
8 26 135
8 27 135
8 28 45
8 29 45
8 30 45
8 31 45
8 32 45
8 33 45
8 34 135
8 35 135
8 36 135
8 37 135
8 38 135
8 39 135
8 40 45
8 41 45
8 42 45
8 43 45
8 44 45
8 45 45
8 46 45
8 47 45
8 48 135
8 49 45
8 50 135
8 51 135
8 52 45
8 53 45
8 54 45
8 55 45
8 56 135
8 57 135
8 58 135
8 59 135
8 60 135
8 61 45
8 62 45
8 63 45
8 64 135
8 65 135
8 66 135
8 67 45
8 68 45
8 69 45
8 70 135
8 71 135
8 72 135
8 73 45
8 74 135
8 75 135
8 76 45
8 77 45
8 78 45
8 79 135
8 80 135
8 81 135
8 82 135
8 83 135
8 84 45
8 85 135
8 86 45
8 87 135
8 89 135
8 90 135
8 91 135
8 92 135
8 93 135
8 94 135
8 95 135
8 96 135
8 97 45
8 98 45
8 99 45
9 1 45
9 2 45
9 3 45
9 4 45
9 5 45
9 6 135
9 7 135
9 8 45
9 9 135
9 10 45
9 11 45
9 12 135
9 13 45
9 14 45
9 15 135
9 16 45
9 17 135
9 18 135
9 19 135
9 20 45
9 21 45
9 22 135
9 23 45
9 24 45
9 25 45
9 26 135
9 27 45
9 28 45
9 29 45
9 30 135
9 31 45
9 32 135
9 33 135
9 34 45
9 35 45
9 36 45
9 37 45
9 38 45
9 39 135
9 40 45
9 41 45
9 42 45
9 43 45
9 44 135
9 45 45
9 46 45
9 47 135
9 48 45
9 49 45
9 50 45
9 51 135
9 52 45
9 53 45
9 54 45
9 55 45
9 56 135
9 57 135
9 58 45
9 59 45
9 60 135
9 61 45
9 62 135
9 63 45
9 64 45
9 65 135
9 66 45
9 67 45
9 68 135
9 69 135
9 70 45
9 71 135
9 72 45
9 73 45
9 74 45
9 75 135
9 76 135
9 77 45
9 78 135
9 79 135
9 80 135
9 81 135
9 82 45
9 83 45
9 84 45
9 85 135
9 86 135
9 87 45
9 88 135
9 89 45
9 90 135
9 91 135
9 92 135
9 93 45
9 94 135
9 95 45
9 96 135
9 97 45
9 98 45
9 99 45
10 1 45
10 2 135
10 3 45
10 4 45
10 5 45
10 6 135
10 7 135
10 8 45
10 9 135
10 10 135
10 11 45
10 12 135
10 13 135
10 14 135
10 15 45
10 16 135
10 17 135
10 18 45
10 19 45
10 20 135
10 21 135
10 22 135
10 23 45
10 24 135
10 25 45
10 26 135
10 27 45
10 28 45
10 29 45
10 30 135
10 31 45
10 32 45
10 33 45
10 34 45
10 35 45
10 36 135
10 37 135
10 38 45
10 39 135
10 40 135
10 41 135
10 42 135
10 43 135
10 44 135
10 45 135
10 46 135
10 47 135
10 48 135
10 49 45
10 50 45
10 51 135
10 53 45
10 54 45
10 55 135
10 56 135
10 57 45
10 58 135
10 59 135
10 60 135
10 61 135
10 62 45
10 63 135
10 64 135
10 65 135
10 66 45
10 67 45
10 68 45
10 69 135
10 70 135
10 71 45
10 72 45
10 73 135
10 74 135
10 75 135
10 76 135
10 77 135
10 78 45
10 79 45
10 80 135
10 81 45
10 82 45
10 83 135
10 84 135
10 85 45
10 86 135
10 87 45
10 88 135
10 89 45
10 90 45
10 91 135
10 92 135
10 93 45
10 94 135
10 95 45
10 96 135
10 97 135
10 98 135
10 99 135
11 1 135
11 2 135
11 3 135
11 4 45
11 5 135
11 6 45
11 7 135
11 8 45
11 9 45
11 10 135
11 11 45
11 12 45
11 13 45
11 14 135
11 15 135
11 16 135
11 17 45
11 18 135
11 19 45
11 20 135
11 21 45
11 22 135
11 23 45
11 24 45
11 25 135
11 26 135
11 27 135
11 28 45
11 29 45
11 30 45
11 31 45
11 32 45
11 33 135
11 34 45
11 35 135
11 36 45
11 37 135
11 38 45
11 39 45
11 40 135
11 41 135
11 42 135
11 43 135
11 44 135
11 45 135
11 46 135
11 47 45
11 48 45
11 49 135
11 50 135
11 51 45
11 52 45
11 53 135
11 54 135
11 55 135
11 56 45
11 57 45
11 58 45
11 59 135
11 60 45
11 61 45
11 62 135
11 63 135
11 64 135
11 65 45
11 66 45
11 67 135
11 68 135
11 69 135
11 70 45
11 71 45
11 72 135
11 73 45
11 74 135
11 75 45
11 76 45
11 77 135
11 78 135
11 79 45
11 80 45
11 81 135
11 82 45
11 83 135
11 84 45
11 85 135
11 86 45
11 87 45
11 88 135
11 89 45
11 90 135
11 91 135
11 92 135
11 93 45
11 94 45
11 95 45
11 96 135
11 97 135
11 98 45
11 99 45
12 1 45
12 2 135
12 3 135
12 4 135
12 5 45
12 6 135
12 7 45
12 8 45
12 9 45
12 10 45
12 11 45
12 12 135
12 13 135
12 14 135
12 15 45
12 16 135
12 17 45
12 18 45
12 19 135
12 20 45
12 21 135
12 22 45
12 23 45
12 24 135
12 25 135
12 26 45
12 27 135
12 28 135
12 29 45
12 30 45
12 31 45
12 32 45
12 33 45
12 34 45
12 35 45
12 36 135
12 37 135
12 38 45
12 39 135
12 40 135
12 41 45
12 42 135
12 43 135
12 44 45
12 45 135
12 46 135
12 47 135
12 48 45
12 49 135
12 50 45
12 51 135
12 52 135
12 53 135
12 54 135
12 55 45
12 56 45
12 57 135
12 58 45
12 59 45
12 60 45
12 61 135
12 62 135
12 63 45
12 64 135
12 65 135
12 66 45
12 67 135
12 68 45
12 69 135
12 70 135
12 71 45
12 72 135
12 73 45
12 74 45
12 75 135
12 76 135
12 77 135
12 78 45
12 79 45
12 80 45
12 81 45
12 82 45
12 83 45
12 84 135
12 85 135
12 86 45
12 87 45
12 88 135
12 89 45
12 90 135
12 91 135
12 92 135
12 93 45
12 94 135
12 95 45
12 96 135
12 97 45
12 98 45
12 99 45
13 1 45
13 2 135
13 3 45
13 4 45
13 5 135
13 6 45
13 7 135
13 8 45
13 9 135
13 10 135
13 11 135
13 12 45
13 13 135
13 14 45
13 15 45
13 16 45
13 17 135
13 18 135
13 19 45
13 20 45
13 21 45
13 22 135
13 23 135
13 24 45
13 25 45
13 26 135
13 27 45
13 28 45
13 29 45
13 30 45
13 31 135
13 32 135
13 33 45
13 34 135
13 35 45
13 36 45
13 37 45
13 38 45
13 39 45
13 40 135
13 41 135
13 42 135
13 43 45
13 44 135
13 45 135
13 46 45
13 47 135
13 48 45
13 49 45
13 50 45
13 51 45
13 52 135
13 53 135
13 54 45
13 55 135
13 56 45
13 57 135
13 58 45
13 59 135
13 60 45
13 61 135
13 62 135
13 63 135
13 64 45
13 65 45
13 66 45
13 67 45
13 68 135
13 69 135
13 70 45
13 71 135
13 72 45
13 73 45
13 74 45
13 75 45
13 76 135
13 77 135
13 78 45
13 79 135
13 80 45
13 81 135
13 82 45
13 83 45
13 84 135
13 85 135
13 86 135
13 87 45
13 88 45
13 89 45
13 90 135
13 91 135
13 92 135
13 93 135
13 94 135
13 95 45
13 96 45
13 97 45
13 98 45
13 99 45
14 0 135
14 4 135
14 5 135
14 6 45
14 7 135
14 8 45
14 9 135
14 10 45
14 11 45
14 12 45
14 13 45
14 14 135
14 15 135
14 16 135
14 17 45
14 18 135
14 19 135
14 20 135
14 21 135
14 22 135
14 23 45
14 24 45
14 25 45
14 26 45
14 27 45
14 28 135
14 29 45
14 30 45
14 31 45
14 32 45
14 33 45
14 34 135
14 36 45
14 37 135
14 38 45
14 39 45
14 40 135
14 41 45
14 42 135
14 43 45
14 44 45
14 46 135
14 47 45
14 48 135
14 49 45
14 50 45
14 51 45
14 52 45
14 53 135
14 54 45
14 55 135
14 56 45
14 57 45
14 58 135
14 59 45
14 60 135
14 61 135
14 62 45
14 63 135
14 64 45
14 65 45
14 66 45
14 67 135
14 68 135
14 69 45
14 70 135
14 71 135
14 72 135
14 73 45
14 74 135
14 75 45
14 76 135
14 77 135
14 78 45
14 79 45
14 80 135
14 81 45
14 82 45
14 83 45
14 84 45
14 85 45
14 86 135
14 87 135
14 88 135
14 89 135
14 90 135
14 91 45
14 92 135
14 93 45
14 94 135
14 95 45
14 96 45
14 97 135
14 98 135
14 99 45
15 0 135
15 1 45
15 2 45
15 3 45
15 4 135
15 16 135
15 17 135
15 18 135
15 19 135
15 20 135
15 21 45
15 22 45
15 23 45
15 24 45
15 25 45
15 26 45
15 27 45
15 28 135
15 29 45
15 30 135
15 31 135
15 32 135
15 33 45
15 34 135
15 35 135
15 36 135
15 37 45
15 38 135
15 39 45
15 40 45
15 41 135
15 42 45
15 43 45
15 44 135
15 45 45
15 46 45
15 47 135
15 48 45
15 49 135
15 50 135
15 51 135
15 52 45
15 53 135
15 54 135
15 55 45
15 56 135
15 57 135
15 58 135
15 59 45
15 60 135
15 61 45
15 62 135
15 63 135
15 64 135
15 65 45
15 66 135
15 67 45
15 68 135
15 69 135
15 70 45
15 71 135
15 72 135
15 73 135
15 74 45
15 75 45
15 76 45
15 77 45
15 78 45
15 79 135
15 80 45
15 81 135
15 82 135
15 83 45
15 84 135
15 85 45
15 86 135
15 87 45
15 88 135
15 89 135
15 90 135
15 91 135
15 92 45
15 93 45
15 94 45
15 95 135
15 96 45
15 97 135
15 98 45
15 99 135
16 0 45
16 1 45
16 2 135
16 3 45
16 4 135
16 5 135
16 6 135
16 7 135
16 8 45
16 9 135
16 10 135
16 11 45
16 12 45
16 13 135
16 14 45
16 15 135
16 17 135
16 18 135
16 19 135
16 20 45
16 21 135
16 22 135
16 23 135
16 24 45
16 26 45
16 27 135
16 28 135
16 29 135
16 30 45
16 31 45
16 32 45
16 33 135
16 34 45
16 35 135
16 36 45
16 37 45
16 38 45
16 39 135
16 41 135
16 42 135
16 44 45
16 45 45
16 46 45
16 47 135
16 48 45
16 49 135
16 50 45
16 51 45
16 52 45
16 53 45
16 54 45
16 55 45
16 56 135
16 57 135
16 58 135
16 59 45
16 60 45
16 61 135
16 62 135
16 63 45
16 64 45
16 65 135
16 66 135
16 67 45
16 68 45
16 69 45
16 70 45
16 71 45
16 72 45
16 73 45
16 74 45
16 75 135
16 76 45
16 77 45
16 78 45
16 79 45
16 80 45
16 81 135
16 82 45
16 83 45
16 84 135
16 85 135
16 86 135
16 87 135
16 88 135
16 89 135
16 90 45
16 91 45
16 92 45
16 93 135
16 94 45
16 95 45
16 96 45
16 97 135
16 98 135
16 99 135
17 0 135
17 1 135
17 2 45
17 3 135
17 4 135
17 5 45
17 6 45
17 7 135
17 8 135
17 9 135
17 10 135
17 11 45
17 12 135
17 13 135
17 14 45
17 15 45
17 17 135
17 18 45
17 19 135
17 20 135
17 21 135
17 22 45
17 23 45
17 24 135
17 25 135
17 26 135
17 27 135
17 28 135
17 30 135
17 31 45
17 32 135
17 33 135
17 34 45
17 35 45
17 36 45
17 37 135
17 38 45
17 39 135
17 40 135
17 41 45
17 42 135
17 43 45
17 44 135
17 45 135
17 46 45
17 47 45
17 48 45
17 49 45
17 50 45
17 51 45
17 52 135
17 53 135
17 54 45
17 55 135
17 56 45
17 57 135
17 58 135
17 59 45
17 60 45
17 61 135
17 62 45
17 63 45
17 64 45
17 65 135
17 66 135
17 67 45
17 68 45
17 69 45
17 70 45
17 71 135
17 72 45
17 73 45
17 74 135
17 75 135
17 76 135
17 77 135
17 78 135
17 79 135
17 80 135
17 81 135
17 82 135
17 83 45
17 84 135
17 85 45
17 86 45
17 87 45
17 88 45
17 89 45
17 90 135
17 91 45
17 92 135
17 93 45
17 94 135
17 95 45
17 96 135
17 97 45
17 98 135
17 99 135
18 0 135
18 1 135
18 2 135
18 3 45
18 4 135
18 5 45
18 6 135
18 7 45
18 8 135
18 9 45
18 10 135
18 11 45
18 12 135
18 13 135
18 14 135
18 15 135
18 17 45
18 18 135
18 19 45
18 20 135
18 21 45
18 22 135
18 23 135
18 24 45
18 25 135
18 26 45
18 27 135
18 28 45
18 29 135
18 30 45
18 31 45
18 32 135
18 33 135
18 34 135
18 35 135
18 36 135
18 37 45
18 38 45
18 39 45
18 40 45
18 41 45
18 42 135
18 43 45
18 44 45
18 45 45
18 46 45
18 48 135
18 49 45
18 50 45
18 51 135
18 52 45
18 53 135
18 54 135
18 55 45
18 56 135
18 57 45
18 59 45
18 60 135
18 61 45
18 62 135
18 63 135
18 64 45
18 65 135
18 66 135
18 67 135
18 68 135
18 69 45
18 70 135
18 71 135
18 72 45
18 73 135
18 74 45
18 75 45
18 76 135
18 77 45
18 78 45
18 79 45
18 80 135
18 81 45
18 82 45
18 83 135
18 84 135
18 85 45
18 86 45
18 87 135
18 88 135
18 89 135
18 90 45
18 91 135
18 92 45
18 93 135
18 94 45
18 95 135
18 96 135
18 97 135
18 98 135
18 99 45
19 0 45
19 1 45
19 2 45
19 3 45
19 4 135
19 5 135
19 6 45
19 7 135
19 8 135
19 9 45
19 10 45
19 11 135
19 12 135
19 13 135
19 14 45
19 15 45
19 17 135
19 18 135
19 19 45
19 20 45
19 21 45
19 22 45
19 23 135
19 24 45
19 25 135
19 26 45
19 27 45
19 28 45
19 29 135
19 30 135
19 31 45
19 32 45
19 33 135
19 34 135
19 35 45
19 36 45
19 37 135
19 38 45
19 39 135
19 40 45
19 41 45
19 42 45
19 43 135
19 44 135
19 45 135
19 46 135
19 47 135
19 49 135
19 50 45
19 51 135
19 52 135
19 53 45
19 54 135
19 55 135
19 56 135
19 57 135
19 58 135
19 59 135
19 60 45
19 61 45
19 62 45
19 63 135
19 64 45
19 65 45
19 66 45
19 67 135
19 68 135
19 69 45
19 70 135
19 71 45
19 72 45
19 73 135
19 74 45
19 75 45
19 76 45
19 77 135
19 78 45
19 79 135
19 80 135
19 81 45
19 82 45
19 83 135
19 84 45
19 85 45
19 86 135
19 87 135
19 88 135
19 89 45
19 90 45
19 91 45
19 92 135
19 93 45
19 94 45
19 95 135
19 96 45
19 97 135
19 98 45
19 99 45
20 0 135
20 1 135
20 2 45
20 3 135
20 5 45
20 6 45
20 7 45
20 8 45
20 9 135
20 10 135
20 11 45
20 12 135
20 13 135
20 14 135
20 15 135
20 17 45
20 18 135
20 19 45
20 20 45
20 21 135
20 22 135
20 23 45
20 24 45
20 25 135
20 26 135
20 27 135
20 28 135
20 29 135
20 30 135
20 31 45
20 32 135
20 33 135
20 34 135
20 35 45
20 36 45
20 37 45
20 38 135
20 39 45
20 40 135
20 41 45
20 42 45
20 43 45
20 44 45
20 45 45
20 46 45
20 47 45
20 48 135
20 49 45
20 50 45
20 51 45
20 52 135
20 53 45
20 54 135
20 55 135
20 56 45
20 57 45
20 58 45
20 59 45
20 60 135
20 61 45
20 62 135
20 63 135
20 64 135
20 65 135
20 66 45
20 67 45
20 68 45
20 69 135
20 70 45
20 71 45
20 72 45
20 73 135
20 74 45
20 75 135
20 76 135
20 77 45
20 78 135
20 79 135
20 80 45
20 81 45
20 82 135
20 83 135
20 84 135
20 85 45
20 86 135
20 87 45
20 88 135
20 89 135
20 90 135
20 91 135
20 92 135
20 93 135
20 94 45
20 95 135
20 96 45
20 97 45
20 98 135
20 99 45
21 0 45
21 1 45
21 2 135
21 3 135
21 4 135
21 5 45
21 6 45
21 7 45
21 8 135
21 9 45
21 10 135
21 11 45
21 12 135
21 13 135
21 14 135
21 15 135
21 17 135
21 18 135
21 19 135
21 20 45
21 21 135
21 22 45
21 23 45
21 24 135
21 25 135
21 26 45
21 27 135
21 28 45
21 29 135
21 30 135
21 31 135
21 32 45
21 33 45
21 34 45
21 35 45
21 36 135
21 37 45
21 38 45
21 39 135
21 40 45
21 41 135
21 42 135
21 43 135
21 44 45
21 45 45
21 46 45
21 48 45
21 49 135
21 50 135
21 51 135
21 52 45
21 53 135
21 54 45
21 55 45
21 56 45
21 57 45
21 58 45
21 59 135
21 60 135
21 61 45
21 62 45
21 63 135
21 64 135
21 65 45
21 66 45
21 67 45
21 68 45
21 69 135
21 70 135
21 71 135
21 72 45
21 73 135
21 74 135
21 75 45
21 76 45
21 77 135
21 78 135
21 79 45
21 80 45
21 81 135
21 82 45
21 83 135
21 84 45
21 85 135
21 86 45
21 87 45
21 88 45
21 89 45
21 90 45
21 91 45
21 92 135
21 93 45
21 94 135
21 95 135
21 96 135
21 97 45
21 99 45
22 0 135
22 1 135
22 2 135
22 3 135
22 4 45
22 5 135
22 6 135
22 7 135
22 8 135
22 9 135
22 10 45
22 11 45
22 12 135
22 13 45
22 14 135
22 15 135
22 17 135
22 18 135
22 19 135
22 21 135
22 22 45
22 23 135
22 24 135
22 25 45
22 26 135
22 27 45
22 28 45
22 29 135
22 30 45
22 31 45
22 32 45
22 33 135
22 34 45
22 35 135
22 36 45
22 37 45
22 39 135
22 40 135
22 41 135
22 42 135
22 43 45
22 44 45
22 45 45
22 46 45
22 47 45
22 48 135
22 49 135
22 50 45
22 51 45
22 52 135
22 53 135
22 54 135
22 55 135
22 56 135
22 57 45
22 58 45
22 59 135
22 60 135
22 61 135
22 62 135
22 63 135
22 64 45
22 65 135
22 66 135
22 67 45
22 68 135
22 69 45
22 70 45
22 71 45
22 72 135
22 73 135
22 74 45
22 75 45
22 76 135
22 77 45
22 78 45
22 79 135
22 80 135
22 81 45
22 82 135
22 83 45
22 84 45
22 85 135
22 86 45
22 87 135
22 88 135
22 89 135
22 90 135
22 91 135
22 92 135
22 93 45
22 94 135
22 95 135
22 96 135
22 97 45
22 98 135
22 99 135
23 0 45
23 1 135
23 2 45
23 3 135
23 4 135
23 5 135
23 6 45
23 7 45
23 8 45
23 9 45
23 10 135
23 11 135
23 12 45
23 13 45
23 14 135
23 15 135
23 17 45
23 18 135
23 19 45
23 20 135
23 21 135
23 22 45
23 23 45
23 24 45
23 25 135
23 26 135
23 27 135
23 28 45
23 29 135
23 30 135
23 31 45
23 32 45
23 33 135
23 34 45
23 35 45
23 36 45
23 37 135
23 38 45
23 39 135
23 40 45
23 41 45
23 42 45
23 43 45
23 44 45
23 45 45
23 46 45
23 47 45
23 48 45
23 49 45
23 50 135
23 51 135
23 52 45
23 53 45
23 54 45
23 56 45
23 57 135
23 58 135
23 59 45
23 60 45
23 61 45
23 62 45
23 63 45
23 64 135
23 65 45
23 66 135
23 67 45
23 68 45
23 69 45
23 70 135
23 71 135
23 72 135
23 73 135
23 74 45
23 75 135
23 76 45
23 77 135
23 78 45
23 79 45
23 80 45
23 81 135
23 82 135
23 83 135
23 84 135
23 85 135
23 86 45
23 87 45
23 88 135
23 89 135
23 90 45
23 91 45
23 92 45
23 93 45
23 94 135
23 95 45
23 96 135
23 97 45
23 98 135
23 99 135
24 0 135
24 1 135
24 2 135
24 3 135
24 4 135
24 5 135
24 6 135
24 7 45
24 8 135
24 9 135
24 10 45
24 11 135
24 12 135
24 13 45
24 14 45
24 15 45
24 17 45
24 18 45
24 19 135
24 20 45
24 21 45
24 22 135
24 23 45
24 24 45
24 25 135
24 26 45
24 27 135
24 28 135
24 29 45
24 30 45
24 31 45
24 32 135
24 33 135
24 34 135
24 35 45
24 36 135
24 37 135
24 38 135
24 39 45
24 40 45
24 41 135
24 42 45
24 43 45
24 44 45
24 45 45
24 46 135
24 47 135
24 48 135
24 49 45
24 50 45
24 51 135
24 52 135
24 53 45
24 54 135
24 55 45
24 56 45
24 57 45
24 58 45
24 59 135
24 60 45
24 61 135
24 62 45
24 63 45
24 64 45
24 65 45
24 66 135
24 67 135
24 68 135
24 69 135
24 70 45
24 71 45
24 72 135
24 73 135
24 74 135
24 75 45
24 76 45
24 77 135
24 78 45
24 79 135
24 80 45
24 81 45
24 82 45
24 83 45
24 84 45
24 85 135
24 86 45
24 87 135
24 88 135
24 90 135
24 91 135
24 92 45
24 93 45
24 94 135
24 95 45
24 96 45
24 97 45
24 98 45
24 99 45
25 0 135
25 1 135
25 2 135
25 3 135
25 4 45
25 5 45
25 6 135
25 7 45
25 8 45
25 9 135
25 10 135
25 11 45
25 12 45
25 13 45
25 14 135
25 15 45
25 17 45
25 18 135
25 19 45
25 20 45
25 21 45
25 22 45
25 23 135
25 24 45
25 25 45
25 26 135
25 27 45
25 28 135
25 29 135
25 30 45
25 31 45
25 32 45
25 33 45
25 34 45
25 35 135
25 36 135
25 37 135
25 38 45
25 39 135
25 40 45
25 41 45
25 42 45
25 43 135
25 44 45
25 45 45
25 46 45
25 47 45
25 48 45
25 49 45
25 50 135
25 51 135
25 52 135
25 53 135
25 54 135
25 55 45
25 56 45
25 57 135
25 58 45
25 59 135
25 60 135
25 61 135
25 62 45
25 63 45
25 64 135
25 65 135
25 66 135
25 67 45
25 68 135
25 69 45
25 70 45
25 71 135
25 72 135
25 73 45
25 74 135
25 75 45
25 76 45
25 77 135
25 78 45
25 79 45
25 80 135
25 81 45
25 82 135
25 83 135
25 84 45
25 85 45
25 86 135
25 87 45
25 88 45
25 89 135
25 90 45
25 91 45
25 92 135
25 93 45
25 94 135
25 95 45
25 96 135
25 97 45
25 98 135
25 99 135
26 0 135
26 1 45
26 3 45
26 4 135
26 5 45
26 6 45
26 7 135
26 8 45
26 9 45
26 10 45
26 11 135
26 12 135
26 13 45
26 14 45
26 15 135
26 17 45
26 18 45
26 19 45
26 20 135
26 21 45
26 22 135
26 23 45
26 24 45
26 25 135
26 26 45
26 27 45
26 28 45
26 29 45
26 30 45
26 31 45
26 32 45
26 33 135
26 34 45
26 35 135
26 36 135
26 37 45
26 38 45
26 39 45
26 40 135
26 41 135
26 42 45
26 43 45
26 44 45
26 45 135
26 47 135
26 48 45
26 49 45
26 50 45
26 51 45
26 52 135
26 53 45
26 54 45
26 55 135
26 56 135
26 57 135
26 58 45
26 59 45
26 60 135
26 61 45
26 62 45
26 63 45
26 64 135
26 65 135
26 66 135
26 67 135
26 68 45
26 69 135
26 70 135
26 71 135
26 72 45
26 73 135
26 74 135
26 75 135
26 76 45
26 77 135
26 78 45
26 79 135
26 80 135
26 81 45
26 82 45
26 83 135
26 84 45
26 85 135
26 86 45
26 87 45
26 88 45
26 89 45
26 90 135
26 91 135
26 92 45
26 93 45
26 94 135
26 95 45
26 96 45
26 97 135
26 98 135
26 99 135
27 0 45
27 1 45
27 2 45
27 3 45
27 4 135
27 5 135
27 7 135
27 8 135
27 9 45
27 10 45
27 11 135
27 12 45
27 13 135
27 14 135
27 15 135
27 17 45
27 18 135
27 19 135
27 20 135
27 21 45
27 22 45
27 23 135
27 24 45
27 25 45
27 26 135
27 27 45
27 28 45
27 29 45
27 30 135
27 31 45
27 32 45
27 33 135
27 34 45
27 35 45
27 36 45
27 37 45
27 38 45
27 39 45
27 40 45
27 41 135
27 42 135
27 43 135
27 44 45
27 45 45
27 46 45
27 47 135
27 48 45
27 49 135
27 50 45
27 51 135
27 52 135
27 54 45
27 55 45
27 56 45
27 57 45
27 58 45
27 59 45
27 60 135
27 61 45
27 62 135
27 63 45
27 64 135
27 65 135
27 66 135
27 67 135
27 68 135
27 69 45
27 70 45
27 71 45
27 72 45
27 73 45
27 74 135
27 75 135
27 76 135
27 77 135
27 78 135
27 79 135
27 80 135
27 81 135
27 82 135
27 83 45
27 84 45
27 85 45
27 86 45
27 87 45
27 88 45
27 89 135
27 90 45
27 91 135
27 92 45
27 93 45
27 94 45
27 95 135
27 96 45
27 97 45
27 98 135
27 99 135
28 0 135
28 1 135
28 2 45
28 4 45
28 5 45
28 6 45
28 7 45
28 8 45
28 9 45
28 10 45
28 11 135
28 12 135
28 13 135
28 14 45
28 15 135
28 17 135
28 18 135
28 19 45
28 20 45
28 21 135
28 22 45
28 23 45
28 24 45
28 25 45
28 26 135
28 27 45
28 28 45
28 29 45
28 30 135
28 31 45
28 33 135
28 34 135
28 35 135
28 36 45
28 37 45
28 38 135
28 39 135
28 40 135
28 41 135
28 42 135
28 43 135
28 44 45
28 45 135
28 46 45
28 47 135
28 49 45
28 50 135
28 51 45
28 52 135
28 53 135
28 54 135
28 55 135
28 56 45
28 57 45
28 58 45
28 59 45
28 60 135
28 61 45
28 62 135
28 63 135
28 64 45
28 65 135
28 66 45
28 67 135
28 68 135
28 69 135
28 70 135
28 71 45
28 72 135
28 73 45
28 74 135
28 75 45
28 76 135
28 77 135
28 78 135
28 79 45
28 80 135
28 81 135
28 82 135
28 83 45
28 84 135
28 85 135
28 86 45
28 87 45
28 88 135
28 89 45
28 90 45
28 91 45
28 92 135
28 93 135
28 94 135
28 95 45
28 96 45
28 97 45
28 98 45
28 99 45
29 0 135
29 1 135
29 2 135
29 3 45
29 4 135
29 5 135
29 6 45
29 7 45
29 8 135
29 9 45
29 10 135
29 11 45
29 12 135
29 13 135
29 14 45
29 15 45
29 17 45
29 18 135
29 19 45
29 20 135
29 21 45
29 22 45
29 23 45
29 24 45
29 25 45
29 26 45
29 27 135
29 28 45
29 29 135
29 30 45
29 31 135
29 32 135
29 33 45
29 34 135
29 35 45
29 36 135
29 37 45
29 38 135
29 39 135
29 40 45
29 41 135
29 42 135
29 43 45
29 44 45
29 45 45
29 46 135
29 47 45
29 48 45
29 49 135
29 50 45
29 51 135
29 52 45
29 53 135
29 54 135
29 55 45
29 56 135
29 57 45
29 58 135
29 59 45
29 60 45
29 61 135
29 62 135
29 63 45
29 64 135
29 65 135
29 66 45
29 67 135
29 68 135
29 69 135
29 70 45
29 71 45
29 72 45
29 73 45
29 74 135
29 75 135
29 76 45
29 77 135
29 78 135
29 79 135
29 80 135
29 81 135
29 82 135
29 83 135
29 84 135
29 85 45
29 86 135
29 87 135
29 88 135
29 89 135
29 90 45
29 91 135
29 92 45
29 93 135
29 94 45
29 95 135
29 96 135
29 97 135
29 98 45
29 99 45
30 0 135
30 1 45
30 2 135
30 3 45
30 4 45
30 5 45
30 6 135
30 7 135
30 8 45
30 9 135
30 10 135
30 11 45
30 12 45
30 13 45
30 15 135
30 17 45
30 18 45
30 19 135
30 20 45
30 21 135
30 22 135
30 23 45
30 24 45
30 25 135
30 26 45
30 27 45
30 28 135
30 29 45
30 30 45
30 32 135
30 33 45
30 34 135
30 35 45
30 36 45
30 37 45
30 38 135
30 39 135
30 40 135
30 41 45
30 42 45
30 43 135
30 44 45
30 45 45
30 46 45
30 47 135
30 48 45
30 49 45
30 50 135
30 51 45
30 52 135
30 53 135
30 54 45
30 55 135
30 56 45
30 57 135
30 58 135
30 59 135
30 60 45
30 61 45
30 62 45
30 63 45
30 64 45
30 65 135
30 66 45
30 67 45
30 68 45
30 69 45
30 70 135
30 71 135
30 72 135
30 73 45
30 74 45
30 75 45
30 76 45
30 77 135
30 78 45
30 79 135
30 80 135
30 81 135
30 82 135
30 84 45
30 85 135
30 86 45
30 87 135
30 88 45
30 89 135
30 90 135
30 91 45
30 92 45
30 93 135
30 95 135
30 96 45
30 97 135
30 98 45
30 99 45
31 0 135
31 1 135
31 2 45
31 3 45
31 4 45
31 5 45
31 6 45
31 7 135
31 8 45
31 9 45
31 10 135
31 11 45
31 12 45
31 13 45
31 14 45
31 15 135
31 17 135
31 18 135
31 19 135
31 20 135
31 21 135
31 22 45
31 23 45
31 24 45
31 25 135
31 26 135
31 27 135
31 28 135
31 29 135
31 30 45
31 31 135
31 32 45
31 33 135
31 35 135
31 36 45
31 37 45
31 38 45
31 39 45
31 40 135
31 41 45
31 42 135
31 43 135
31 44 135
31 45 45
31 46 45
31 47 135
31 48 135
31 49 135
31 50 45
31 52 135
31 53 45
31 54 135
31 55 45
31 56 45
31 57 45
31 58 135
31 59 135
31 60 135
31 61 45
31 62 135
31 63 45
31 64 135
31 65 45
31 66 135
31 67 45
31 68 135
31 69 135
31 70 45
31 71 45
31 72 45
31 73 45
31 74 135
31 75 135
31 76 45
31 77 135
31 78 135
31 79 45
31 80 45
31 81 45
31 82 45
31 83 135
31 84 135
31 85 45
31 86 45
31 87 135
31 88 45
31 89 135
31 90 45
31 91 135
31 92 135
31 93 135
31 94 45
31 95 135
31 96 45
31 97 135
31 98 135
31 99 45
32 0 135
32 1 135
32 2 45
32 3 135
32 4 135
32 5 135
32 6 45
32 7 135
32 8 45
32 9 45
32 10 135
32 11 45
32 12 135
32 13 45
32 14 135
32 15 45
32 17 135
32 18 45
32 19 135
32 20 45
32 21 45
32 22 45
32 23 45
32 24 135
32 25 135
32 26 45
32 27 135
32 28 45
32 29 45
32 30 45
32 31 135
32 32 45
32 33 135
32 34 135
32 35 45
32 36 135
32 37 135
32 38 135
32 39 45
32 40 135
32 41 135
32 42 45
32 43 135
32 44 135
32 45 45
32 46 45
32 47 135
32 48 135
32 49 45
32 50 135
32 51 45
32 52 135
32 53 135
32 54 45
32 55 135
32 56 135
32 57 45
32 58 135
32 59 45
32 60 135
32 61 135
32 62 135
32 63 135
32 64 45
32 65 45
32 66 135
32 67 135
32 68 45
32 69 135
32 70 135
32 71 45
32 72 45
32 73 135
32 74 45
32 75 45
32 76 45
32 77 135
32 78 45
32 79 135
32 80 135
32 81 135
32 82 45
32 83 135
32 84 135
32 85 45
32 86 135
32 87 45
32 88 45
32 89 45
32 90 45
32 91 135
32 92 135
32 93 45
32 94 135
32 95 45
32 96 135
32 97 45
32 98 45
32 99 45
33 0 135
33 1 135
33 2 45
33 3 135
33 4 135
33 5 45
33 6 135
33 7 45
33 8 45
33 9 135
33 10 45
33 11 45
33 12 135
33 13 45
33 14 45
33 15 135
33 17 135
33 18 45
33 19 45
33 20 135
33 21 45
33 22 45
33 23 45
33 24 45
33 25 45
33 26 135
33 27 135
33 28 135
33 29 135
33 30 135
33 31 135
33 32 45
33 33 45
33 34 135
33 35 135
33 36 135
33 37 45
33 38 45
33 39 45
33 40 135
33 41 45
33 42 135
33 43 135
33 44 135
33 45 135
33 46 135
33 47 135
33 48 45
33 49 135
33 50 45
33 51 45
33 52 45
33 53 135
33 54 45
33 55 45
33 56 45
33 57 45
33 59 45
33 60 135
33 61 45
33 62 45
33 63 135
33 64 45
33 65 135
33 66 135
33 67 135
33 68 135
33 69 45
33 70 45
33 71 45
33 72 45
33 73 45
33 74 135
33 75 45
33 76 135
33 77 135
33 78 45
33 79 135
33 80 135
33 81 135
33 82 45
33 83 135
33 84 135
33 85 135
33 86 45
33 87 135
33 88 135
33 89 45
33 90 45
33 91 135
33 92 45
33 93 45
33 94 45
33 95 45
33 96 135
33 97 135
33 98 45
33 99 135
34 0 45
34 1 135
34 2 45
34 3 135
34 4 135
34 5 45
34 6 45
34 7 45
34 8 45
34 9 45
34 10 135
34 11 135
34 12 45
34 13 135
34 14 45
34 15 135
34 17 45
34 18 45
34 19 45
34 20 45
34 21 45
34 22 45
34 23 135
34 24 45
34 25 45
34 26 45
34 27 135
34 28 45
34 29 135
34 30 135
34 31 135
34 32 45
34 33 45
34 34 135
34 35 135
34 36 135
34 37 45
34 38 45
34 39 45
34 40 45
34 41 135
34 42 45
34 43 135
34 44 45
34 45 135
34 46 135
34 47 45
34 48 135
34 49 45
34 50 45
34 51 45
34 52 135
34 53 135
34 54 135
34 55 45
34 56 45
34 57 45
34 58 135
34 59 45
34 60 135
34 61 45
34 62 45
34 63 135
34 64 45
34 65 45
34 66 135
34 67 135
34 68 45
34 69 45
34 70 135
34 71 45
34 72 45
34 73 135
34 74 45
34 75 135
34 76 135
34 77 45
34 78 45
34 79 45
34 80 135
34 81 135
34 82 135
34 83 135
34 84 45
34 85 45
34 86 135
34 87 135
34 88 45
34 89 45
34 90 45
34 91 45
34 92 45
34 93 45
34 94 45
34 95 135
34 96 45
34 97 135
34 98 45
34 99 135
35 0 135
35 1 45
35 2 135
35 3 45
35 4 135
35 5 135
35 6 45
35 7 135
35 8 45
35 9 135
35 10 135
35 11 45
35 12 135
35 13 135
35 14 45
35 15 45
35 17 45
35 18 45
35 19 135
35 20 45
35 21 135
35 22 135
35 23 135
35 24 45
35 25 135
35 26 45
35 27 135
35 28 135
35 29 135
35 30 45
35 31 45
35 32 45
35 33 135
35 34 45
35 35 45
35 36 45
35 37 45
35 38 135
35 39 45
35 40 135
35 41 135
35 42 45
35 43 135
35 44 45
35 45 45
35 46 45
35 47 45
35 48 45
35 49 45
35 50 135
35 51 45
35 52 45
35 53 135
35 54 45
35 55 135
35 56 45
35 58 135
35 59 135
35 60 45
35 61 135
35 62 135
35 63 45
35 64 135
35 65 135
35 66 135
35 67 45
35 68 45
35 69 45
35 70 135
35 71 135
35 72 135
35 73 135
35 74 45
35 75 135
35 76 135
35 77 45
35 78 45
35 79 45
35 80 135
35 81 135
35 82 45
35 83 45
35 84 45
35 85 135
35 86 135
35 87 45
35 88 135
35 89 45
35 90 45
35 91 135
35 92 135
35 93 135
35 94 45
35 95 135
35 96 135
35 97 45
35 98 135
35 99 135
36 0 45
36 1 135
36 2 135
36 3 45
36 4 135
36 5 45
36 6 45
36 7 45
36 8 135
36 9 135
36 10 135
36 11 45
36 12 45
36 13 45
36 14 45
36 15 135
36 17 135
36 18 45
36 19 135
36 20 45
36 21 135
36 22 135
36 23 135
36 24 45
36 25 135
36 26 45
36 27 45
36 28 135
36 29 135
36 30 135
36 31 45
36 32 135
36 33 45
36 34 135
36 35 45
36 36 135
36 37 135
36 38 135
36 39 135
36 40 45
36 41 45
36 42 135
36 43 135
36 44 45
36 45 135
36 46 135
36 47 135
36 48 45
36 49 135
36 50 135
36 51 135
36 52 135
36 53 45
36 54 45
36 55 135
36 56 45
36 57 135
36 58 45
36 59 45
36 60 45
36 61 45
36 62 45
36 63 135
36 64 135
36 65 45
36 66 135
36 67 135
36 68 45
36 69 135
36 70 135
36 71 45
36 72 135
36 73 45
36 74 45
36 75 45
36 76 45
36 77 45
36 78 45
36 79 45
36 80 135
36 81 135
36 82 135
36 83 45
36 84 135
36 85 45
36 86 135
36 88 135
36 89 135
36 90 45
36 91 135
36 92 45
36 93 135
36 94 135
36 95 135
36 96 45
36 97 45
36 98 45
36 99 45
37 0 45
37 1 45
37 2 45
37 3 135
37 4 45
37 5 135
37 6 45
37 7 135
37 8 45
37 9 135
37 10 135
37 11 45
37 12 45
37 13 135
37 14 45
37 15 45
37 17 45
37 18 45
37 19 45
37 20 45
37 21 45
37 22 45
37 23 135
37 24 45
37 25 135
37 26 135
37 27 45
37 28 45
37 29 45
37 30 135
37 31 135
37 32 45
37 33 45
37 34 45
37 35 135
37 36 45
37 37 135
37 38 45
37 39 135
37 40 45
37 41 45
37 42 45
37 43 135
37 44 135
37 45 45
37 46 135
37 47 135
37 48 45
37 49 135
37 50 135
37 51 45
37 52 45
37 53 135
37 54 45
37 55 135
37 56 135
37 57 135
37 58 135
37 59 135
37 60 45
37 61 45
37 62 45
37 63 135
37 64 45
37 65 45
37 66 45
37 67 135
37 68 45
37 69 45
37 70 45
37 71 45
37 72 45
37 73 135
37 74 135
37 75 135
37 76 45
37 77 135
37 78 45
37 79 45
37 80 135
37 81 45
37 82 45
37 83 135
37 84 45
37 85 135
37 86 135
37 87 135
37 88 45
37 89 45
37 90 45
37 91 135
37 92 45
37 93 45
37 94 45
37 95 135
37 96 135
37 97 45
37 98 45
37 99 45
38 0 135
38 1 45
38 2 45
38 3 135
38 4 45
38 5 135
38 6 135
38 7 135
38 8 45
38 9 45
38 10 135
38 11 45
38 12 135
38 13 45
38 14 135
38 15 135
38 17 135
38 18 135
38 19 135
38 20 135
38 21 45
38 22 45
38 23 135
38 24 135
38 25 45
38 26 135
38 27 135
38 28 45
38 29 135
38 30 135
38 31 45
38 32 135
38 33 135
38 34 135
38 35 45
38 36 135
38 37 45
38 38 45
38 39 45
38 40 135
38 41 45
38 42 45
38 43 45
38 44 135
38 45 135
38 46 45
38 47 45
38 48 45
38 49 45
38 50 45
38 51 45
38 52 135
38 53 135
38 54 45
38 55 135
38 56 135
38 57 135
38 58 45
38 59 135
38 60 135
38 61 135
38 62 135
38 63 45
38 64 135
38 65 135
38 66 45
38 67 135
38 68 135
38 69 45
38 70 135
38 71 45
38 72 135
38 73 135
38 74 45
38 75 45
38 76 135
38 77 135
38 78 45
38 79 135
38 80 135
38 81 135
38 82 135
38 83 45
38 84 135
38 85 135
38 86 135
38 87 135
38 88 45
38 89 135
38 90 45
38 91 45
38 92 135
38 93 45
38 94 135
38 95 135
38 96 135
38 97 45
38 98 45
38 99 135
39 0 135
39 1 45
39 2 45
39 3 45
39 4 45
39 5 45
39 6 135
39 7 45
39 8 135
39 9 135
39 10 135
39 11 45
39 12 45
39 13 45
39 14 135
39 15 135
39 17 135
39 18 135
39 19 45
39 20 135
39 21 135
39 22 45
39 23 135
39 24 135
39 25 45
39 26 135
39 27 45
39 28 135
39 29 45
39 30 135
39 31 45
39 32 135
39 33 45
39 34 135
39 35 135
39 36 135
39 37 45
39 38 45
39 39 135
39 40 135
39 41 135
39 42 135
39 44 135
39 45 135
39 46 45
39 47 135
39 48 135
39 49 45
39 50 45
39 51 45
39 52 45
39 53 135
39 54 45
39 55 45
39 56 135
39 57 135
39 58 135
39 59 45
39 60 135
39 61 135
39 62 45
39 63 135
39 64 135
39 65 45
39 66 45
39 67 45
39 68 135
39 69 45
39 70 135
39 71 135
39 72 45
39 74 135
39 75 45
39 76 45
39 77 135
39 78 45
39 79 45
39 80 135
39 81 135
39 82 45
39 84 135
39 85 135
39 86 135
39 87 135
39 88 45
39 89 135
39 90 45
39 91 135
39 92 45
39 93 45
39 94 135
39 95 135
39 96 45
39 97 45
39 98 135
39 99 45
40 0 135
40 1 135
40 2 135
40 3 45
40 4 135
40 5 45
40 6 45
40 7 45
40 8 135
40 9 135
40 10 135
40 11 135
40 12 45
40 13 45
40 14 45
40 15 45
40 17 45
40 18 135
40 19 135
40 20 135
40 21 45
40 22 45
40 23 45
40 24 45
40 25 45
40 26 45
40 27 45
40 28 45
40 29 45
40 30 45
40 31 135
40 32 135
40 34 135
40 35 45
40 36 135
40 37 135
40 38 45
40 39 45
40 40 135
40 41 45
40 42 135
40 44 135
40 45 45
40 46 135
40 47 45
40 48 135
40 49 45
40 50 135
40 51 135
40 52 45
40 53 45
40 54 45
40 55 135
40 56 135
40 57 135
40 58 45
40 59 45
40 60 135
40 61 45
40 62 45
40 63 45
40 64 45
40 65 135
40 66 135
40 67 135
40 68 135
40 69 135
40 70 135
40 71 45
40 72 45
40 73 135
40 74 45
40 75 45
40 76 135
40 77 135
40 78 135
40 79 135
40 80 45
40 81 45
40 82 45
40 83 45
40 84 45
40 85 135
40 86 135
40 87 135
40 88 135
40 89 45
40 90 135
40 91 45
40 92 135
40 93 45
40 94 45
40 95 45
40 96 45
40 97 45
40 98 135
40 99 45
41 0 45
41 1 135
41 2 45
41 3 45
41 4 45
41 5 135
41 6 135
41 7 45
41 8 135
41 9 45
41 10 135
41 11 135
41 12 45
41 13 135
41 14 45
41 15 135
41 17 135
41 18 135
41 19 135
41 20 45
41 21 45
41 22 135
41 23 135
41 24 45
41 25 45
41 26 45
41 27 45
41 28 135
41 29 135
41 30 45
41 31 45
41 32 135
41 33 45
41 34 135
41 35 45
41 36 45
41 37 45
41 38 45
41 39 135
41 40 45
41 41 45
41 42 135
41 43 45
41 44 45
41 45 45
41 46 45
41 47 45
41 48 45
41 49 45
41 50 135
41 51 135
41 52 45
41 53 45
41 54 135
41 55 45
41 56 135
41 57 45
41 58 135
41 59 45
41 60 45
41 61 135
41 62 45
41 63 135
41 64 135
41 65 45
41 66 45
41 67 45
41 68 135
41 69 135
41 70 135
41 71 135
41 72 45
41 73 45
41 74 135
41 75 45
41 76 45
41 78 135
41 79 135
41 80 45
41 81 45
41 82 135
41 83 135
41 84 45
41 85 45
41 86 45
41 87 45
41 88 45
41 89 45
41 90 45
41 91 45
41 92 45
41 93 135
41 95 45
41 96 45
41 97 45
41 98 45
41 99 135
42 0 135
42 1 135
42 2 45
42 3 45
42 4 45
42 5 135
42 6 135
42 7 135
42 8 135
42 9 135
42 10 135
42 11 135
42 12 45
42 13 45
42 14 135
42 15 45
42 17 45
42 18 45
42 19 45
42 21 135
42 22 45
42 23 135
42 24 45
42 25 135
42 26 45
42 27 135
42 28 45
42 29 45
42 30 135
42 31 45
42 32 45
42 33 45
42 34 45
42 35 135
42 36 135
42 37 45
42 38 45
42 39 135
42 40 135
42 41 45
42 42 45
42 43 45
42 44 45
42 45 135
42 46 45
42 47 135
42 48 135
42 49 135
42 50 135
42 51 135
42 52 45
42 53 135
42 54 45
42 55 45
42 56 45
42 57 45
42 58 45
42 59 45
42 60 135
42 61 45
42 62 45
42 63 45
42 64 135
42 65 135
42 66 45
42 67 135
42 68 45
42 69 135
42 70 45
42 71 135
42 72 45
42 73 135
42 74 45
42 75 45
42 76 135
42 77 135
42 78 135
42 79 45
42 80 135
42 81 45
42 82 45
42 83 135
42 84 135
42 85 45
42 86 45
42 87 45
42 88 45
42 89 135
42 90 135
42 91 135
42 92 135
42 93 135
42 94 45
42 95 135
42 96 135
42 97 45
42 98 45
42 99 135
43 0 45
43 1 135
43 2 45
43 3 135
43 4 135
43 5 45
43 6 45
43 7 135
43 8 135
43 9 135
43 10 45
43 11 135
43 12 45
43 13 45
43 14 135
43 15 45
43 17 45
43 18 135
43 19 45
43 20 45
43 21 45
43 22 45
43 23 45
43 24 45
43 25 135
43 26 135
43 27 45
43 28 135
43 29 135
43 30 135
43 31 45
43 32 135
43 33 135
43 34 45
43 35 135
43 36 135
43 37 45
43 38 45
43 39 135
43 40 45
43 41 45
43 42 45
43 43 135
43 44 45
43 45 135
43 46 135
43 47 45
43 48 135
43 49 45
43 50 135
43 51 45
43 52 135
43 53 135
43 54 45
43 55 135
43 56 135
43 57 135
43 59 135
43 60 135
43 61 135
43 62 135
43 63 45
43 65 45
43 66 45
43 67 135
43 69 135
43 70 45
43 71 135
43 72 135
43 73 45
43 74 135
43 75 135
43 76 45
43 77 135
43 78 135
43 79 45
43 80 45
43 81 135
43 82 45
43 83 135
43 84 45
43 85 135
43 86 45
43 87 135
43 88 135
43 89 45
43 90 45
43 91 135
43 92 45
43 93 45
43 94 135
43 95 135
43 96 135
43 97 135
43 98 135
43 99 135
44 0 135
44 1 135
44 2 45
44 3 45
44 4 135
44 5 45
44 6 45
44 7 135
44 8 135
44 9 135
44 10 45
44 11 45
44 12 45
44 13 135
44 14 135
44 15 45
44 16 135
44 18 135
44 19 135
44 20 45
44 21 45
44 22 135
44 23 135
44 24 45
44 25 135
44 26 45
44 27 45
44 28 45
44 29 135
44 30 45
44 31 45
44 32 135
44 33 135
44 34 135
44 35 45
44 36 135
44 37 135
44 38 135
44 39 135
44 40 135
44 41 45
44 42 135
44 43 135
44 44 135
44 45 135
44 46 45
44 47 45
44 48 135
44 49 45
44 50 45
44 51 45
44 52 45
44 53 45
44 54 45
44 55 45
44 56 135
44 57 45
44 58 45
44 59 45
44 60 45
44 61 135
44 62 45
44 63 135
44 64 135
44 65 135
44 66 135
44 67 135
44 68 45
44 69 45
44 70 135
44 71 135
44 72 135
44 73 135
44 74 45
44 75 135
44 76 45
44 77 45
44 78 45
44 79 45
44 80 45
44 81 135
44 82 45
44 83 45
44 84 135
44 85 135
44 86 45
44 87 45
44 88 135
44 89 135
44 90 45
44 91 135
44 92 45
44 93 135
44 94 45
44 95 45
44 96 135
44 97 45
44 98 45
44 99 45
45 0 135
45 1 45
45 2 45
45 3 45
45 4 45
45 5 45
45 6 135
45 7 45
45 8 45
45 9 45
45 10 45
45 11 135
45 12 45
45 13 135
45 14 45
45 15 45
45 16 135
45 17 45
45 18 135
45 21 135
45 22 45
45 23 45
45 24 135
45 25 135
45 26 45
45 27 45
45 28 135
45 29 135
45 30 135
45 31 45
45 32 45
45 33 135
45 34 135
45 35 135
45 36 135
45 37 45
45 38 135
45 39 135
45 40 135
45 41 45
45 42 135
45 43 135
45 44 45
45 45 45
45 46 135
45 47 45
45 48 45
45 49 135
45 50 45
45 51 135
45 52 135
45 53 45
45 54 45
45 55 45
45 56 135
45 57 45
45 58 45
45 59 45
45 60 135
45 61 135
45 62 45
45 63 135
45 64 45
45 65 135
45 66 45
45 67 135
45 68 135
45 69 45
45 70 45
45 71 45
45 72 45
45 73 45
45 74 45
45 75 45
45 76 45
45 77 135
45 78 45
45 79 45
45 80 45
45 81 135
45 82 45
45 83 135
45 84 135
45 85 45
45 86 135
45 87 135
45 88 45
45 89 45
45 90 135
45 91 45
45 92 45
45 93 45
45 94 135
45 95 135
45 96 45
45 97 135
45 98 45
45 99 135
46 0 45
46 1 45
46 2 45
46 3 45
46 4 45
46 5 135
46 6 45
46 7 135
46 8 45
46 9 135
46 10 45
46 11 45
46 12 45
46 13 45
46 14 45
46 15 45
46 16 45
46 17 135
46 18 135
46 19 45
46 20 45
46 22 135
46 23 45
46 24 135
46 25 135
46 26 135
46 27 135
46 28 45
46 29 45
46 30 135
46 31 135
46 32 135
46 33 135
46 34 45
46 35 135
46 36 45
46 37 135
46 38 45
46 39 135
46 40 135
46 41 45
46 42 45
46 43 45
46 44 45
46 45 45
46 46 45
46 47 135
46 48 135
46 49 45
46 50 135
46 51 45
46 52 135
46 53 135
46 54 45
46 55 45
46 56 135
46 57 135
46 58 45
46 59 45
46 60 45
46 61 45
46 62 45
46 63 45
46 64 45
46 65 45
46 66 45
46 67 45
46 68 45
46 69 135
46 70 45
46 71 135
46 72 45
46 73 135
46 74 45
46 75 45
46 76 135
46 77 45
46 78 135
46 79 45
46 80 135
46 81 135
46 82 45
46 83 45
46 84 45
46 85 45
46 86 135
46 87 135
46 88 135
46 89 135
46 90 45
46 91 135
46 92 45
46 93 45
46 94 45
46 95 45
46 96 45
46 97 45
46 98 45
46 99 45
47 0 45
47 1 45
47 2 135
47 3 45
47 4 45
47 5 45
47 6 45
47 7 45
47 8 45
47 9 45
47 10 45
47 11 45
47 12 45
47 13 135
47 14 135
47 15 135
47 16 135
47 17 135
47 18 45
47 19 135
47 20 135
47 22 45
47 23 45
47 24 45
47 25 45
47 26 135
47 27 45
47 28 135
47 29 135
47 30 45
47 31 45
47 32 135
47 33 45
47 34 45
47 35 45
47 36 45
47 37 135
47 38 135
47 39 135
47 40 135
47 41 45
47 42 45
47 43 45
47 44 45
47 45 45
47 46 135
47 47 135
47 48 135
47 49 45
47 50 45
47 51 45
47 52 45
47 53 135
47 54 45
47 55 135
47 56 135
47 57 45
47 58 135
47 59 45
47 60 135
47 61 135
47 62 135
47 63 45
47 64 135
47 65 135
47 66 135
47 67 45
47 68 135
47 69 135
47 70 135
47 71 135
47 72 135
47 73 45
47 74 135
47 75 135
47 76 45
47 77 135
47 78 135
47 79 135
47 80 135
47 81 45
47 82 45
47 83 45
47 84 135
47 85 135
47 86 45
47 87 45
47 88 135
47 89 45
47 90 135
47 91 45
47 92 45
47 93 45
47 94 135
47 95 45
47 96 45
47 97 45
47 98 45
47 99 45
48 1 135
48 2 135
48 3 135
48 4 45
48 5 135
48 6 135
48 7 45
48 8 45
48 9 45
48 10 135
48 11 45
48 12 135
48 13 135
48 14 135
48 15 135
48 16 135
48 17 45
48 18 45
48 19 135
48 20 45
48 22 45
48 23 135
48 24 135
48 25 45
48 26 45
48 27 45
48 28 135
48 29 135
48 30 45
48 31 135
48 32 135
48 33 135
48 34 135
48 35 45
48 36 45
48 37 135
48 38 135
48 39 45
48 40 135
48 42 45
48 43 135
48 44 135
48 45 45
48 46 45
48 47 135
48 48 45
48 49 135
48 50 45
48 51 135
48 52 135
48 53 45
48 54 45
48 55 135
48 56 45
48 57 135
48 58 135
48 59 135
48 60 45
48 61 45
48 62 135
48 63 135
48 64 45
48 65 135
48 66 135
48 67 45
48 68 45
48 69 135
48 70 45
48 71 135
48 72 45
48 73 135
48 74 135
48 75 135
48 76 45
48 77 135
48 78 135
48 79 45
48 80 135
48 81 135
48 82 135
48 83 135
48 84 45
48 85 45
48 86 45
48 87 135
48 88 45
48 89 45
48 90 135
48 91 45
48 92 135
48 93 135
48 94 45
48 95 45
48 96 135
48 97 135
48 98 45
48 99 45
49 0 135
49 1 135
49 2 135
49 3 135
49 4 45
49 5 45
49 6 135
49 7 135
49 8 45
49 9 45
49 10 45
49 11 135
49 13 135
49 14 45
49 16 135
49 17 45
49 18 135
49 19 45
49 20 45
49 21 135
49 23 135
49 24 135
49 25 45
49 26 45
49 27 45
49 28 135
49 30 45
49 31 135
49 32 135
49 33 135
49 34 135
49 35 135
49 36 135
49 37 45
49 38 135
49 39 45
49 40 135
49 41 135
49 42 135
49 43 135
49 44 135
49 45 135
49 46 45
49 47 135
49 48 135
49 49 45
49 50 45
49 51 135
49 52 135
49 53 135
49 54 135
49 55 135
49 56 135
49 57 135
49 58 45
49 59 45
49 60 45
49 61 135
49 62 45
49 63 45
49 64 135
49 65 135
49 66 45
49 67 135
49 68 135
49 69 135
49 70 45
49 71 135
49 72 135
49 73 135
49 74 135
49 75 45
49 76 45
49 77 45
49 78 135
49 79 45
49 80 45
49 81 135
49 82 135
49 83 135
49 84 135
49 85 45
49 86 135
49 87 135
49 88 135
49 89 45
49 90 45
49 91 45
49 92 45
49 93 135
49 94 135
49 95 135
49 96 45
49 97 45
49 98 135
49 99 45
50 0 135
50 1 45
50 2 45
50 3 135
50 4 135
50 5 45
50 6 45
50 7 135
50 8 45
50 9 45
50 10 135
50 11 45
50 12 135
50 13 45
50 14 135
50 15 45
50 16 135
50 17 135
50 18 45
50 19 45
50 20 135
50 21 45
50 22 45
50 24 45
50 25 135
50 26 45
50 27 135
50 28 135
50 29 45
50 30 135
50 31 135
50 32 135
50 33 45
50 35 135
50 36 135
50 37 135
50 38 45
50 39 135
50 40 135
50 41 45
50 42 135
50 43 135
50 44 45
50 45 135
50 46 135
50 47 135
50 48 135
50 49 45
50 50 135
50 51 135
50 52 135
50 53 135
50 54 45
50 55 135
50 56 135
50 57 45
50 58 135
50 59 45
50 60 45
50 61 135
50 62 45
50 64 135
50 65 45
50 66 45
50 67 45
50 68 135
50 69 45
50 70 45
50 71 135
50 72 135
50 73 45
50 74 135
50 75 45
50 76 45
50 77 135
50 78 135
50 79 135
50 80 135
50 81 45
50 82 45
50 83 135
50 84 45
50 85 45
50 86 135
50 87 135
50 88 45
50 89 45
50 90 45
50 91 135
50 92 135
50 93 45
50 94 135
50 95 135
50 96 45
50 97 135
50 98 135
50 99 135
51 0 45
51 1 45
51 2 45
51 3 135
51 4 45
51 5 45
51 6 45
51 7 135
51 8 135
51 9 45
51 10 45
51 11 135
51 12 45
51 13 135
51 14 45
51 15 135
51 16 45
51 17 45
51 18 135
51 19 45
51 20 45
51 21 45
51 22 45
51 23 135
51 28 135
51 29 135
51 30 135
51 31 135
51 32 45
51 33 135
51 34 45
51 35 45
51 36 45
51 37 45
51 39 45
51 40 135
51 41 135
51 42 45
51 43 135
51 44 135
51 45 45
51 46 45
51 47 45
51 48 45
51 49 135
51 50 45
51 51 45
51 52 45
51 53 45
51 54 45
51 55 45
51 56 135
51 57 45
51 58 45
51 59 135
51 60 135
51 61 45
51 62 135
51 63 135
51 64 135
51 65 45
51 66 135
51 67 45
51 68 135
51 69 135
51 70 45
51 71 135
51 72 45
51 73 135
51 74 45
51 75 135
51 76 135
51 77 45
51 78 45
51 79 135
51 80 135
51 81 45
51 82 45
51 83 135
51 84 45
51 85 45
51 86 135
51 87 45
51 88 45
51 89 45
51 90 135
51 91 135
51 92 135
51 93 135
51 94 135
51 95 45
51 96 135
51 97 135
51 98 135
51 99 135
52 0 45
52 1 45
52 2 135
52 3 135
52 4 45
52 5 135
52 6 45
52 7 135
52 8 45
52 9 45
52 10 135
52 11 135
52 12 45
52 13 135
52 14 135
52 15 135
52 16 135
52 17 45
52 18 45
52 19 45
52 20 135
52 21 135
52 22 135
52 23 135
52 24 45
52 25 135
52 26 135
52 27 135
52 29 45
52 30 45
52 31 135
52 32 135
52 33 45
52 34 45
52 35 135
52 36 135
52 37 135
52 38 45
52 39 45
52 40 45
52 41 135
52 42 45
52 43 135
52 44 45
52 45 135
52 46 135
52 47 45
52 48 135
52 49 135
52 50 135
52 51 135
52 52 135
52 53 135
52 54 45
52 55 135
52 56 45
52 57 135
52 58 135
52 59 135
52 60 45
52 61 45
52 62 45
52 63 45
52 64 45
52 65 135
52 66 45
52 67 45
52 68 135
52 69 135
52 70 135
52 71 135
52 72 135
52 73 45
52 74 45
52 75 135
52 76 135
52 77 45
52 78 45
52 79 45
52 80 135
52 81 45
52 82 45
52 83 135
52 84 45
52 85 135
52 86 135
52 87 135
52 88 45
52 89 45
52 90 135
52 91 135
52 92 45
52 93 45
52 94 135
52 95 45
52 96 45
52 97 45
52 98 135
52 99 45
53 0 135
53 1 135
53 2 45
53 3 135
53 4 45
53 5 135
53 6 135
53 7 45
53 8 135
53 9 135
53 10 45
53 11 135
53 12 135
53 13 45
53 14 135
53 15 135
53 16 135
53 17 45
53 18 135
53 19 45
53 20 45
53 21 45
53 22 45
53 23 135
53 24 45
53 25 135
53 26 45
53 27 135
53 29 135
53 30 45
53 31 45
53 32 135
53 33 135
53 34 135
53 35 45
53 36 45
53 37 135
53 38 45
53 39 45
53 40 135
53 41 135
53 42 135
53 43 45
53 44 45
53 45 135
53 46 45
53 47 45
53 48 135
53 49 45
53 50 45
53 51 135
53 52 45
53 53 135
53 54 135
53 55 45
53 56 135
53 57 45
53 58 135
53 59 45
53 60 45
53 61 45
53 62 135
53 63 45
53 64 135
53 65 135
53 66 135
53 67 135
53 68 135
53 69 135
53 70 45
53 71 45
53 72 135
53 73 135
53 74 135
53 75 45
53 76 45
53 77 135
53 78 45
53 79 135
53 80 135
53 81 135
53 82 135
53 83 45
53 84 45
53 85 45
53 86 45
53 87 135
53 88 135
53 89 45
53 90 135
53 91 45
53 92 135
53 93 135
53 94 45
53 95 45
53 96 45
53 97 45
53 98 135
53 99 45
54 0 45
54 1 135
54 2 45
54 3 45
54 4 45
54 5 45
54 6 135
54 7 45
54 8 45
54 9 135
54 10 45
54 11 135
54 12 45
54 13 45
54 14 45
54 15 135
54 16 45
54 17 45
54 18 135
54 19 45
54 20 45
54 21 135
54 22 135
54 23 45
54 24 135
54 25 135
54 26 135
54 27 135
54 29 135
54 30 45
54 31 45
54 32 135
54 33 45
54 34 135
54 35 45
54 36 45
54 37 135
54 38 45
54 40 45
54 41 45
54 42 45
54 43 135
54 44 45
54 45 45
54 46 45
54 47 135
54 48 45
54 49 45
54 50 135
54 51 135
54 52 45
54 53 135
54 54 135
54 55 45
54 56 135
54 57 135
54 58 45
54 59 135
54 60 135
54 61 45
54 62 135
54 63 135
54 64 45
54 65 45
54 66 135
54 67 45
54 68 135
54 69 45
54 70 45
54 71 135
54 72 45
54 73 135
54 74 45
54 75 45
54 76 135
54 77 45
54 78 45
54 79 45
54 80 45
54 81 45
54 82 135
54 83 135
54 84 45
54 85 45
54 86 135
54 87 135
54 88 135
54 89 45
54 90 135
54 91 135
54 92 45
54 93 135
54 94 45
54 95 135
54 96 135
54 97 135
54 98 45
54 99 135
55 0 135
55 1 135
55 2 45
55 3 135
55 4 45
55 5 45
55 6 135
55 7 45
55 8 135
55 9 135
55 10 45
55 11 135
55 12 45
55 13 135
55 14 135
55 15 135
55 16 45
55 17 135
55 18 45
55 19 135
55 20 135
55 21 135
55 22 135
55 23 45
55 24 45
55 25 135
55 26 135
55 27 135
55 29 45
55 30 135
55 31 45
55 32 45
55 33 135
55 34 45
55 35 135
55 36 45
55 37 45
55 38 135
55 39 45
55 40 135
55 41 135
55 42 45
55 43 135
55 44 45
55 45 45
55 46 45
55 47 45
55 48 135
55 49 135
55 50 135
55 51 45
55 52 45
55 53 45
55 54 45
55 55 45
55 56 135
55 57 135
55 58 135
55 59 135
55 60 135
55 61 135
55 62 135
55 63 45
55 64 135
55 66 135
55 67 135
55 68 135
55 69 45
55 70 135
55 71 45
55 72 135
55 73 45
55 74 45
55 75 135
55 76 45
55 77 45
55 78 45
55 79 135
55 80 135
55 81 45
55 82 45
55 83 135
55 84 135
55 85 45
55 86 135
55 87 45
55 88 45
55 89 135
55 90 45
55 91 45
55 92 45
55 93 45
55 94 135
55 95 135
55 96 135
55 97 135
55 98 45
55 99 45
56 0 45
56 1 135
56 2 45
56 3 135
56 4 45
56 5 135
56 6 135
56 7 135
56 8 45
56 9 45
56 10 45
56 11 45
56 12 135
56 13 45
56 14 45
56 15 135
56 16 135
56 17 45
56 18 135
56 19 45
56 20 135
56 21 135
56 22 45
56 23 135
56 24 45
56 25 45
56 26 45
56 27 45
56 28 135
56 32 135
56 33 135
56 34 45
56 35 45
56 36 45
56 37 135
56 38 45
56 39 45
56 40 135
56 41 135
56 42 135
56 43 135
56 44 135
56 45 45
56 46 45
56 47 45
56 48 45
56 49 45
56 50 135
56 51 45
56 52 135
56 53 45
56 54 45
56 55 135
56 56 135
56 57 135
56 58 45
56 59 135
56 60 45
56 61 135
56 62 135
56 63 135
56 64 135
56 65 45
56 66 135
56 67 135
56 68 45
56 69 135
56 70 45
56 72 45
56 73 135
56 74 45
56 75 135
56 76 135
56 77 135
56 78 45
56 79 135
56 80 45
56 81 135
56 82 135
56 83 45
56 84 45
56 85 135
56 86 135
56 87 135
56 88 135
56 89 135
56 90 45
56 91 45
56 92 135
56 93 135
56 94 45
56 95 135
56 96 45
56 97 135
56 98 135
56 99 135
57 0 135
57 1 45
57 3 45
57 4 45
57 5 45
57 6 135
57 7 45
57 8 135
57 9 45
57 10 135
57 11 45
57 12 135
57 13 45
57 14 45
57 15 135
57 16 135
57 17 45
57 18 45
57 19 45
57 20 135
57 21 135
57 22 45
57 23 135
57 24 45
57 25 135
57 26 135
57 27 135
57 28 45
57 29 45
57 30 45
57 31 135
57 33 45
57 34 45
57 35 135
57 36 135
57 37 135
57 38 135
57 39 135
57 40 45
57 41 45
57 42 135
57 43 135
57 44 45
57 45 45
57 46 135
57 47 135
57 48 45
57 49 45
57 50 45
57 51 135
57 52 135
57 53 45
57 54 135
57 55 135
57 56 45
57 57 135
57 58 135
57 59 45
57 60 135
57 61 135
57 62 135
57 63 45
57 64 135
57 65 45
57 66 45
57 67 45
57 68 135
57 69 135
57 70 135
57 71 135
57 72 135
57 73 135
57 74 135
57 75 45
57 76 135
57 77 45
57 78 45
57 79 135
57 80 45
57 81 135
57 82 135
57 83 45
57 84 45
57 85 45
57 86 135
57 87 135
57 88 45
57 89 45
57 90 45
57 91 135
57 92 135
57 93 45
57 94 45
57 95 45
57 96 45
57 97 135
57 98 45
57 99 135
58 0 135
58 1 135
58 2 135
58 3 135
58 4 135
58 5 45
58 6 135
58 7 135
58 8 135
58 9 135
58 10 45
58 11 45
58 12 135
58 13 135
58 14 45
58 15 45
58 16 45
58 17 135
58 18 45
58 19 45
58 20 45
58 21 135
58 22 45
58 23 135
58 24 45
58 25 135
58 26 45
58 27 135
58 28 45
58 29 135
58 30 45
58 31 135
58 33 45
58 34 45
58 36 45
58 37 135
58 38 45
58 39 135
58 40 135
58 41 135
58 42 45
58 43 45
58 44 135
58 45 45
58 46 135
58 47 135
58 48 135
58 49 45
58 50 45
58 51 45
58 52 45
58 53 135
58 54 135
58 55 45
58 56 135
58 58 45
58 59 135
58 60 135
58 61 135
58 62 45
58 63 135
58 64 45
58 65 135
58 66 135
58 67 45
58 68 135
58 69 45
58 70 45
58 71 135
58 72 135
58 73 45
58 74 45
58 75 45
58 76 45
58 77 45
58 78 45
58 79 45
58 80 135
58 81 45
58 82 45
58 83 135
58 84 135
58 85 135
58 87 135
58 88 45
58 90 45
58 91 135
58 92 45
58 93 45
58 94 45
58 95 45
58 96 45
58 97 135
58 98 45
58 99 135
59 0 45
59 1 135
59 2 45
59 3 45
59 4 135
59 5 135
59 6 135
59 7 135
59 8 135
59 9 45
59 10 45
59 11 45
59 12 45
59 13 45
59 14 135
59 15 45
59 16 135
59 17 45
59 18 135
59 19 45
59 20 135
59 21 135
59 22 135
59 23 45
59 24 135
59 25 135
59 26 135
59 27 135
59 28 135
59 29 135
59 30 135
59 31 135
59 33 45
59 34 135
59 35 135
59 36 45
59 37 135
59 38 135
59 39 45
59 40 135
59 41 45
59 42 135
59 43 135
59 44 45
59 45 45
59 46 135
59 47 135
59 48 45
59 49 135
59 50 45
59 51 45
59 52 45
59 53 45
59 54 45
59 55 135
59 56 45
59 57 45
59 58 45
59 59 45
59 60 135
59 61 45
59 62 135
59 63 135
59 64 135
59 65 45
59 66 45
59 67 135
59 68 45
59 69 45
59 70 45
59 71 135
59 72 45
59 73 135
59 74 135
59 75 45
59 76 45
59 77 45
59 78 135
59 79 45
59 80 45
59 81 135
59 82 45
59 83 45
59 84 135
59 85 135
59 86 135
59 87 135
59 88 45
59 89 135
59 90 135
59 91 45
59 92 45
59 94 135
59 95 135
59 96 45
59 97 135
59 99 135
60 0 135
60 1 135
60 2 135
60 3 45
60 4 45
60 5 135
60 6 135
60 7 135
60 8 135
60 9 45
60 10 135
60 11 45
60 12 135
60 13 45
60 14 45
60 15 45
60 16 135
60 17 45
60 18 45
60 19 135
60 20 45
60 21 135
60 22 135
60 23 135
60 24 45
60 25 45
60 26 45
60 27 45
60 28 135
60 29 45
60 30 135
60 31 45
60 32 135
60 34 135
60 35 135
60 36 45
60 37 45
60 38 45
60 39 135
60 40 135
60 41 135
60 42 45
60 43 45
60 44 135
60 45 135
60 46 45
60 47 45
60 48 45
60 49 45
60 50 135
60 51 135
60 52 45
60 53 45
60 54 45
60 55 45
60 56 45
60 57 45
60 58 135
60 59 135
60 60 135
60 61 45
60 62 45
60 63 135
60 64 45
60 65 135
60 66 135
60 67 135
60 68 135
60 69 45
60 70 45
60 71 135
60 72 45
60 73 135
60 74 135
60 75 135
60 76 45
60 77 45
60 78 135
60 79 135
60 80 45
60 81 45
60 82 45
60 83 135
60 84 135
60 85 45
60 86 45
60 87 135
60 88 135
60 89 135
60 90 135
60 91 135
60 92 135
60 93 135
60 94 45
60 95 135
60 96 135
60 97 135
60 98 135
60 99 45
61 0 135
61 1 45
61 2 45
61 3 45
61 4 135
61 5 135
61 6 135
61 7 135
61 8 135
61 9 135
61 10 45
61 11 135
61 12 45
61 13 45
61 14 135
61 15 135
61 16 135
61 17 45
61 18 135
61 19 45
61 20 135
61 21 45
61 22 45
61 23 135
61 24 45
61 25 135
61 26 135
61 27 135
61 28 135
61 29 45
61 30 135
61 31 45
61 32 135
61 33 135
61 34 135
61 44 135
61 45 135
61 46 45
61 47 45
61 48 45
61 49 45
61 50 45
61 51 45
61 52 135
61 53 135
61 54 45
61 55 135
61 56 45
61 57 135
61 58 45
61 59 45
61 60 45
61 61 45
61 62 45
61 63 135
61 64 135
61 65 45
61 66 45
61 67 135
61 68 45
61 69 135
61 70 45
61 71 45
61 72 135
61 73 45
61 74 135
61 75 45
61 76 135
61 77 45
61 78 135
61 79 45
61 80 45
61 81 45
61 82 135
61 83 45
61 84 45
61 85 45
61 86 45
61 87 45
61 88 135
61 89 45
61 90 135
61 91 135
61 92 135
61 93 45
61 94 45
61 95 45
61 96 45
61 97 135
61 98 45
61 99 135
62 0 45
62 1 135
62 2 45
62 3 135
62 4 45
62 5 135
62 6 45
62 7 45
62 8 135
62 9 45
62 10 135
62 11 45
62 12 45
62 13 135
62 14 45
62 15 135
62 16 45
62 17 135
62 18 45
62 19 45
62 20 45
62 21 45
62 22 135
62 23 45
62 24 45
62 25 135
62 26 45
62 27 135
62 28 135
62 29 45
62 30 135
62 31 45
62 32 45
62 33 135
62 34 45
62 35 45
62 36 135
62 37 45
62 44 45
62 45 135
62 46 135
62 47 135
62 48 45
62 49 45
62 50 135
62 51 135
62 52 135
62 53 45
62 54 135
62 55 45
62 56 135
62 57 135
62 58 45
62 59 135
62 60 45
62 61 135
62 62 45
62 63 135
62 64 45
62 65 135
62 66 45
62 67 135
62 68 45
62 69 45
62 70 135
62 71 45
62 72 45
62 73 45
62 74 45
62 75 45
62 76 135
62 77 135
62 78 45
62 79 135
62 80 135
62 81 135
62 82 45
62 83 45
62 84 135
62 85 135
62 86 45
62 87 45
62 88 135
62 89 135
62 90 135
62 91 45
62 92 135
62 93 45
62 94 135
62 95 45
62 96 135
62 97 45
62 98 135
62 99 45
63 0 45
63 1 45
63 2 135
63 3 135
63 4 45
63 5 45
63 6 135
63 7 135
63 8 135
63 9 45
63 10 45
63 11 135
63 12 135
63 13 135
63 14 135
63 15 135
63 16 45
63 17 45
63 18 135
63 19 45
63 20 45
63 21 45
63 22 135
63 23 45
63 24 45
63 25 135
63 26 45
63 27 45
63 28 135
63 29 45
63 30 45
63 31 45
63 32 135
63 33 45
63 34 135
63 35 45
63 36 45
63 38 135
63 39 135
63 40 45
63 41 135
63 42 45
63 43 45
63 44 135
63 45 45
63 46 135
63 47 45
63 48 135
63 49 135
63 50 135
63 51 135
63 52 45
63 53 135
63 54 45
63 55 45
63 56 135
63 57 45
63 58 135
63 59 45
63 60 45
63 61 135
63 62 45
63 63 45
63 64 135
63 65 135
63 66 45
63 67 45
63 68 45
63 69 45
63 70 45
63 71 45
63 72 45
63 73 45
63 74 135
63 75 45
63 76 135
63 77 135
63 78 135
63 79 135
63 80 45
63 81 45
63 82 45
63 83 135
63 84 135
63 85 45
63 86 135
63 87 135
63 88 135
63 89 45
63 90 45
63 91 45
63 92 45
63 93 45
63 94 135
63 95 45
63 96 135
63 97 135
63 98 135
63 99 45
64 0 135
64 1 45
64 2 45
64 3 135
64 4 45
64 5 45
64 6 45
64 7 135
64 8 135
64 9 135
64 10 135
64 11 135
64 12 135
64 13 45
64 15 45
64 16 135
64 17 135
64 18 135
64 19 45
64 20 45
64 21 45
64 22 45
64 23 45
64 24 135
64 25 135
64 26 45
64 27 135
64 28 45
64 29 45
64 30 45
64 31 45
64 32 135
64 33 45
64 34 45
64 35 135
64 36 45
64 38 45
64 39 45
64 40 135
64 41 135
64 42 135
64 43 45
64 44 45
64 45 135
64 46 135
64 47 45
64 48 45
64 49 135
64 50 135
64 51 135
64 52 45
64 53 45
64 54 135
64 55 135
64 56 45
64 57 45
64 58 45
64 59 45
64 60 45
64 61 45
64 62 135
64 63 45
64 64 135
64 65 45
64 66 135
64 67 135
64 68 45
64 69 135
64 70 135
64 71 45
64 72 45
64 73 45
64 74 45
64 75 45
64 76 45
64 77 45
64 78 135
64 79 135
64 80 45
64 81 45
64 82 45
64 83 45
64 84 45
64 85 135
64 86 45
64 87 135
64 88 45
64 89 135
64 90 45
64 91 45
64 92 135
64 93 45
64 94 45
64 95 135
64 96 135
64 97 45
64 98 45
64 99 45
65 0 135
65 1 45
65 2 135
65 3 45
65 4 45
65 5 135
65 6 135
65 7 135
65 8 45
65 9 135
65 10 45
65 11 45
65 12 135
65 13 135
65 14 45
65 15 45
65 16 45
65 17 45
65 18 135
65 19 45
65 20 45
65 21 135
65 22 135
65 23 45
65 24 135
65 25 135
65 26 45
65 27 45
65 28 135
65 29 135
65 30 135
65 31 45
65 32 45
65 33 135
65 34 135
65 35 45
65 36 45
65 38 45
65 39 135
65 40 45
65 41 45
65 42 45
65 43 45
65 44 45
65 45 45
65 46 45
65 47 45
65 48 45
65 49 45
65 50 45
65 51 45
65 52 45
65 53 135
65 54 135
65 55 135
65 56 135
65 57 45
65 58 45
65 59 45
65 60 45
65 61 135
65 62 135
65 63 135
65 64 45
65 65 135
65 66 45
65 67 45
65 68 45
65 69 135
65 70 135
65 71 135
65 72 135
65 73 135
65 74 135
65 75 45
65 76 135
65 77 135
65 78 45
65 79 135
65 80 45
65 81 45
65 82 45
65 83 45
65 84 45
65 85 45
65 86 135
65 87 45
65 88 45
65 89 45
65 90 135
65 91 45
65 92 45
65 93 135
65 94 135
65 95 45
65 96 135
65 97 135
65 98 135
65 99 45
66 0 135
66 1 135
66 2 135
66 3 45
66 4 135
66 5 135
66 6 135
66 7 135
66 8 135
66 9 45
66 10 135
66 11 45
66 12 45
66 13 135
66 14 45
66 15 45
66 16 45
66 17 45
66 18 135
66 19 45
66 20 135
66 21 135
66 22 45
66 23 45
66 24 45
66 25 135
66 26 45
66 27 45
66 28 45
66 29 135
66 30 45
66 31 45
66 32 45
66 33 135
66 34 135
66 35 45
66 36 135
66 38 45
66 39 135
66 40 45
66 41 45
66 42 135
66 43 45
66 44 135
66 45 45
66 46 135
66 47 45
66 48 45
66 49 135
66 50 45
66 51 135
66 52 135
66 53 45
66 54 45
66 55 45
66 56 135
66 57 135
66 58 45
66 59 45
66 60 45
66 61 135
66 62 135
66 63 45
66 64 45
66 66 135
66 67 45
66 68 135
66 69 135
66 70 45
66 71 135
66 72 45
66 73 45
66 74 45
66 75 135
66 76 135
66 77 45
66 78 45
66 79 135
66 80 135
66 81 45
66 82 45
66 83 135
66 84 45
66 85 45
66 86 135
66 87 45
66 88 45
66 89 135
66 90 45
66 91 45
66 92 135
66 93 45
66 94 45
66 95 45
66 96 45
66 97 45
66 98 135
66 99 135
67 0 45
67 1 45
67 2 135
67 3 45
67 4 135
67 5 45
67 6 135
67 7 135
67 8 135
67 9 45
67 10 45
67 11 45
67 12 135
67 13 45
67 14 135
67 15 135
67 16 135
67 17 45
67 18 45
67 19 135
67 20 135
67 21 135
67 22 135
67 23 45
67 24 135
67 25 135
67 26 45
67 27 45
67 28 135
67 29 45
67 30 135
67 31 135
67 32 135
67 33 45
67 34 45
67 35 135
67 36 45
67 38 45
67 39 45
67 40 45
67 41 135
67 42 135
67 43 135
67 44 135
67 45 45
67 46 135
67 47 45
67 48 45
67 49 135
67 50 135
67 51 45
67 52 45
67 53 135
67 54 135
67 55 135
67 56 135
67 57 135
67 58 45
67 59 45
67 60 45
67 61 45
67 62 45
67 63 45
67 64 45
67 65 45
67 66 135
67 67 135
67 68 45
67 69 135
67 70 45
67 71 45
67 72 135
67 73 135
67 74 45
67 75 135
67 76 45
67 77 45
67 78 135
67 79 135
67 80 135
67 81 45
67 82 45
67 83 135
67 84 135
67 85 45
67 86 45
67 87 135
67 88 45
67 89 135
67 90 135
67 91 135
67 92 45
67 93 135
67 94 45
67 95 135
67 97 135
67 98 45
67 99 135
68 0 135
68 1 45
68 2 135
68 3 45
68 4 45
68 5 135
68 6 45
68 7 45
68 8 45
68 9 45
68 10 135
68 11 135
68 12 45
68 13 45
68 14 45
68 15 45
68 16 45
68 17 135
68 18 135
68 19 45
68 20 45
68 21 45
68 22 135
68 23 135
68 24 45
68 25 135
68 26 45
68 27 135
68 28 135
68 29 45
68 30 45
68 31 45
68 32 135
68 33 135
68 34 135
68 35 45
68 36 45
68 38 135
68 39 45
68 40 135
68 41 135
68 42 135
68 43 45
68 44 135
68 45 135
68 46 45
68 47 135
68 48 135
68 49 135
68 50 135
68 51 135
68 52 45
68 53 45
68 54 45
68 55 45
68 56 45
68 57 45
68 58 135
68 59 135
68 60 45
68 61 45
68 62 45
68 63 135
68 64 135
68 65 45
68 66 45
68 67 45
68 68 135
68 69 45
68 70 45
68 71 45
68 72 135
68 73 135
68 74 135
68 75 135
68 76 45
68 77 45
68 78 135
68 79 45
68 80 135
68 81 135
68 82 135
68 83 135
68 84 45
68 85 45
68 86 45
68 87 45
68 88 135
68 89 135
68 90 135
68 91 135
68 92 45
68 93 45
68 94 45
68 95 135
68 96 45
68 97 135
68 98 45
69 0 45
69 1 135
69 2 135
69 3 45
69 4 45
69 5 135
69 6 45
69 7 45
69 8 45
69 9 135
69 10 45
69 11 45
69 12 135
69 13 45
69 14 45
69 15 135
69 16 45
69 17 135
69 18 135
69 19 135
69 20 45
69 21 135
69 22 135
69 23 45
69 24 135
69 25 135
69 26 135
69 27 45
69 28 45
69 29 45
69 30 45
69 31 135
69 32 135
69 33 135
69 34 45
69 35 135
69 36 45
69 38 135
69 39 45
69 40 45
69 41 45
69 42 135
69 43 45
69 44 45
69 45 135
69 46 45
69 47 135
69 48 45
69 49 45
69 50 45
69 51 45
69 52 135
69 53 45
69 54 135
69 55 135
69 56 45
69 57 45
69 58 135
69 59 45
69 60 45
69 61 135
69 62 45
69 63 45
69 64 135
69 65 45
69 66 45
69 67 45
69 68 45
69 69 45
69 70 45
69 71 135
69 72 135
69 73 135
69 74 135
69 75 45
69 76 45
69 77 135
69 78 135
69 79 45
69 80 45
69 81 135
69 82 45
69 83 135
69 84 45
69 85 45
69 86 135
69 87 45
69 88 135
69 89 135
69 90 45
69 91 45
69 92 135
69 93 135
69 94 45
69 95 45
69 96 135
69 97 45
69 98 45
69 99 135
70 0 45
70 1 135
70 2 45
70 3 135
70 4 135
70 5 45
70 6 135
70 7 135
70 8 135
70 9 135
70 10 45
70 11 135
70 12 135
70 13 45
70 14 45
70 15 135
70 16 135
70 17 135
70 18 45
70 19 135
70 20 135
70 21 45
70 22 135
70 23 135
70 24 135
70 25 135
70 26 135
70 27 135
70 28 135
70 29 45
70 30 135
70 31 45
70 32 45
70 33 135
70 34 135
70 35 45
70 36 135
70 38 45
70 39 135
70 40 45
70 41 135
70 42 135
70 43 45
70 44 135
70 45 135
70 46 135
70 47 45
70 48 135
70 49 45
70 50 45
70 51 135
70 53 135
70 54 45
70 55 135
70 56 45
70 57 45
70 58 45
70 59 135
70 60 45
70 61 45
70 62 45
70 63 135
70 64 45
70 65 135
70 66 135
70 67 135
70 68 135
70 69 135
70 70 135
70 71 135
70 72 45
70 73 45
70 74 135
70 75 45
70 76 45
70 77 135
70 78 135
70 79 45
70 80 135
70 81 135
70 82 135
70 83 45
70 84 45
70 85 135
70 86 45
70 87 45
70 88 135
70 89 135
70 90 45
70 91 45
70 92 135
70 93 45
70 94 135
70 95 45
70 96 45
70 97 135
70 98 45
70 99 45
71 0 135
71 1 135
71 2 45
71 3 45
71 4 45
71 5 135
71 6 135
71 7 45
71 8 135
71 9 45
71 10 45
71 11 135
71 12 45
71 13 45
71 14 135
71 15 45
71 16 135
71 17 45
71 18 45
71 19 45
71 20 135
71 21 45
71 22 45
71 23 45
71 24 135
71 25 135
71 26 135
71 27 135
71 28 135
71 29 135
71 30 135
71 31 45
71 32 45
71 33 45
71 34 135
71 35 45
71 36 135
71 37 135
71 38 135
71 39 135
71 40 45
71 41 45
71 42 135
71 43 45
71 44 45
71 45 45
71 46 135
71 47 45
71 48 135
71 49 135
71 50 45
71 51 45
71 52 45
71 53 45
71 54 135
71 55 135
71 56 135
71 57 45
71 58 45
71 59 135
71 60 135
71 61 45
71 62 135
71 63 135
71 64 135
71 65 45
71 66 135
71 67 135
71 68 135
71 69 45
71 70 45
71 71 135
71 72 45
71 73 135
71 74 45
71 75 45
71 76 135
71 77 135
71 78 135
71 79 45
71 80 135
71 81 135
71 82 45
71 83 135
71 84 45
71 85 45
71 86 45
71 87 45
71 88 45
71 89 45
71 90 135
71 91 135
71 92 45
71 93 45
71 94 45
71 95 45
71 96 135
71 97 45
71 99 45
72 0 135
72 1 135
72 2 45
72 3 45
72 4 135
72 5 135
72 6 135
72 7 135
72 8 45
72 9 45
72 10 135
72 11 45
72 12 135
72 13 45
72 14 45
72 15 135
72 16 45
72 17 45
72 18 45
72 19 135
72 20 135
72 21 135
72 22 135
72 23 135
72 24 135
72 25 135
72 26 45
72 27 135
72 28 45
72 29 135
72 30 45
72 31 135
72 32 135
72 33 135
72 34 135
72 35 135
72 36 135
72 37 135
72 39 135
72 40 135
72 41 45
72 42 45
72 43 135
72 44 45
72 45 45
72 46 135
72 47 45
72 48 135
72 49 45
72 50 45
72 51 45
72 52 45
72 53 45
72 54 135
72 55 135
72 56 135
72 57 45
72 58 135
72 59 135
72 60 45
72 61 45
72 62 45
72 63 45
72 64 135
72 65 135
72 66 135
72 67 135
72 68 45
72 69 45
72 70 135
72 71 45
72 72 135
72 73 135
72 74 45
72 75 135
72 76 45
72 77 45
72 78 135
72 79 135
72 80 135
72 81 135
72 82 45
72 83 45
72 84 45
72 85 135
72 86 135
72 87 45
72 88 135
72 89 135
72 90 135
72 91 45
72 92 45
72 93 135
72 94 45
72 95 45
72 96 45
72 97 135
72 98 135
72 99 45
73 0 135
73 1 135
73 2 135
73 3 45
73 4 135
73 5 45
73 6 45
73 7 135
73 8 135
73 9 135
73 10 135
73 11 135
73 12 135
73 13 135
73 14 135
73 15 135
73 16 45
73 17 135
73 18 45
73 19 45
73 20 45
73 21 135
73 22 135
73 23 45
73 24 45
73 25 45
73 26 45
73 27 135
73 28 45
73 29 135
73 30 45
73 31 135
73 32 45
73 33 45
73 34 135
73 35 45
73 36 135
73 37 45
73 39 135
73 40 135
73 41 135
73 42 45
73 43 45
73 44 135
73 45 45
73 46 45
73 47 45
73 48 135
73 49 45
73 50 45
73 51 135
73 52 135
73 53 135
73 54 45
73 55 135
73 56 135
73 57 45
73 58 135
73 59 135
73 60 135
73 61 135
73 62 45
73 63 135
73 64 45
73 65 45
73 66 45
73 67 135
73 68 45
73 69 45
73 70 45
73 71 135
73 72 135
73 73 45
73 74 135
73 75 45
73 76 45
73 77 135
73 78 135
73 79 135
73 80 45
73 81 135
73 82 135
73 83 135
73 84 45
73 85 135
73 86 45
73 87 135
73 88 45
73 89 45
73 90 135
73 91 135
73 92 45
73 93 45
73 94 135
73 95 135
73 96 135
73 97 45
73 98 135
73 99 135
74 0 45
74 1 45
74 2 135
74 3 45
74 4 135
74 5 135
74 6 135
74 7 135
74 8 135
74 9 45
74 10 45
74 11 135
74 12 45
74 13 45
74 14 135
74 15 135
74 16 135
74 17 135
74 18 45
74 19 135
74 20 135
74 21 135
74 22 135
74 23 135
74 24 135
74 25 135
74 26 135
74 27 135
74 28 135
74 29 135
74 30 45
74 31 45
74 32 135
74 33 45
74 34 135
74 35 135
74 36 135
74 37 135
74 39 45
74 40 45
74 41 135
74 42 135
74 43 135
74 44 135
74 45 135
74 46 135
74 47 135
74 48 135
74 49 135
74 50 135
74 51 45
74 52 135
74 53 135
74 54 135
74 55 135
74 56 135
74 57 135
74 58 135
74 59 45
74 60 45
74 61 45
74 62 135
74 63 135
74 64 45
74 65 135
74 66 135
74 67 135
74 69 45
74 70 45
74 71 45
74 72 135
74 73 45
74 75 135
74 76 45
74 77 135
74 78 45
74 79 135
74 80 45
74 81 135
74 82 45
74 83 135
74 84 45
74 85 45
74 86 135
74 87 45
74 88 45
74 89 45
74 90 45
74 91 45
74 92 135
74 93 135
74 94 45
74 95 45
74 96 135
74 97 135
74 98 135
74 99 135
75 0 45
75 1 135
75 2 135
75 3 45
75 4 135
75 5 135
75 6 45
75 7 135
75 8 45
75 9 135
75 10 45
75 11 135
75 12 135
75 13 45
75 14 45
75 15 45
75 16 45
75 17 135
75 18 135
75 19 45
75 20 135
75 21 45
75 22 45
75 23 135
75 24 45
75 25 135
75 26 135
75 27 135
75 28 45
75 29 135
75 30 135
75 31 45
75 32 135
75 33 135
75 34 135
75 35 135
75 36 135
75 37 45
75 39 45
75 40 135
75 41 135
75 42 135
75 43 45
75 44 135
75 45 45
75 46 135
75 47 135
75 48 135
75 49 135
75 50 45
75 51 45
75 52 135
75 53 45
75 54 45
75 55 135
75 56 45
75 57 45
75 58 135
75 59 45
75 60 45
75 61 45
75 62 45
75 63 135
75 64 135
75 65 135
75 66 45
75 67 45
75 68 45
75 69 135
75 70 135
75 71 45
75 72 45
75 73 45
75 74 135
75 75 135
75 76 45
75 77 45
75 78 45
75 79 45
75 80 135
75 81 45
75 82 45
75 84 135
75 85 45
75 86 135
75 87 45
75 88 45
75 90 135
75 91 45
75 92 135
75 93 135
75 94 45
75 95 135
75 96 135
75 97 45
75 98 45
75 99 135
76 0 45
76 1 135
76 2 45
76 3 135
76 4 45
76 5 45
76 6 135
76 7 45
76 8 45
76 9 135
76 10 135
76 11 45
76 12 135
76 13 135
76 14 45
76 15 45
76 16 45
76 17 45
76 18 135
76 19 135
76 21 45
76 22 135
76 24 45
76 25 135
76 26 45
76 27 135
76 28 45
76 29 135
76 30 135
76 31 45
76 32 45
76 33 45
76 34 45
76 35 135
76 36 135
76 37 45
76 39 45
76 40 135
76 41 45
76 42 135
76 43 135
76 44 45
76 45 135
76 46 135
76 47 45
76 48 45
76 49 135
76 50 135
76 51 135
76 52 45
76 53 135
76 54 135
76 55 135
76 56 45
76 57 135
76 58 135
76 59 45
76 60 135
76 61 135
76 62 135
76 63 135
76 64 45
76 65 45
76 66 135
76 67 135
76 68 135
76 69 45
76 70 45
76 71 135
76 72 45
76 73 45
76 74 135
76 75 135
76 76 45
76 77 45
76 78 135
76 79 135
76 80 45
76 81 135
76 82 135
76 83 45
76 84 135
76 85 135
76 86 135
76 87 135
76 88 135
76 89 135
76 90 135
76 91 135
76 92 135
76 93 135
76 94 135
76 95 45
76 96 45
76 97 135
76 98 45
76 99 45
77 0 135
77 1 135
77 2 45
77 3 45
77 4 45
77 5 45
77 6 135
77 7 135
77 8 45
77 9 135
77 10 45
77 11 135
77 12 45
77 13 45
77 14 135
77 15 45
77 16 135
77 17 135
77 18 135
77 19 135
77 20 45
77 21 135
77 22 45
77 23 135
77 24 45
77 25 45
77 26 135
77 27 45
77 28 135
77 29 45
77 30 45
77 31 135
77 32 135
77 33 45
77 34 45
77 35 45
77 36 135
77 37 135
77 39 135
77 40 45
77 41 135
77 42 135
77 43 45
77 44 45
77 45 45
77 46 135
77 47 45
77 48 45
77 49 45
77 51 45
77 52 45
77 53 135
77 54 135
77 55 135
77 56 135
77 57 135
77 58 135
77 59 135
77 60 135
77 61 135
77 62 135
77 63 45
77 64 45
77 65 45
77 66 45
77 67 135
77 68 45
77 69 45
77 70 135
77 71 45
77 72 135
77 73 135
77 74 135
77 75 135
77 76 135
77 77 45
77 78 45
77 79 45
77 80 45
77 81 45
77 82 45
77 83 45
77 84 135
77 85 135
77 86 45
77 87 45
77 88 135
77 89 135
77 90 135
77 91 135
77 92 135
77 93 135
77 94 45
77 95 135
77 96 135
77 97 45
77 98 45
77 99 135
78 0 45
78 1 45
78 2 135
78 3 135
78 4 45
78 5 135
78 6 45
78 7 45
78 8 135
78 9 45
78 10 135
78 11 45
78 12 45
78 13 45
78 14 135
78 15 45
78 16 45
78 17 135
78 18 135
78 19 45
78 20 45
78 21 135
78 22 135
78 23 45
78 24 135
78 25 135
78 26 45
78 27 135
78 28 135
78 29 45
78 30 135
78 31 45
78 32 135
78 33 45
78 34 135
78 35 135
78 36 45
78 37 135
78 38 135
78 44 135
78 45 135
78 46 45
78 47 45
78 48 45
78 49 45
78 50 135
78 51 135
78 52 135
78 53 45
78 54 135
78 55 45
78 56 45
78 57 45
78 58 135
78 59 135
78 60 135
78 61 135
78 62 135
78 63 45
78 64 45
78 65 135
78 66 135
78 67 135
78 68 45
78 69 45
78 70 135
78 71 135
78 72 45
78 73 45
78 74 135
78 75 135
78 76 135
78 77 45
78 78 135
78 79 45
78 80 45
78 81 135
78 82 45
78 83 45
78 84 45
78 85 45
78 86 45
78 87 45
78 88 135
78 90 45
78 91 135
78 92 135
78 93 45
78 94 45
78 95 135
78 96 135
78 97 45
78 98 135
78 99 45
79 0 45
79 1 45
79 2 135
79 3 45
79 4 45
79 5 45
79 6 45
79 7 45
79 8 135
79 9 135
79 10 135
79 11 135
79 12 135
79 13 135
79 14 135
79 15 45
79 16 135
79 17 45
79 18 45
79 19 135
79 20 135
79 21 135
79 22 135
79 23 45
79 24 45
79 25 45
79 26 135
79 27 45
79 28 135
79 29 135
79 30 45
79 31 45
79 32 45
79 33 135
79 34 135
79 35 45
79 36 135
79 37 45
79 38 135
79 39 135
79 40 135
79 41 45
79 42 45
79 43 135
79 45 135
79 46 135
79 47 45
79 48 45
79 49 45
79 50 135
79 51 135
79 52 135
79 53 45
79 54 135
79 55 45
79 56 135
79 57 135
79 58 45
79 59 135
79 60 45
79 61 45
79 62 135
79 63 135
79 64 45
79 65 45
79 66 135
79 67 135
79 68 45
79 69 135
79 70 45
79 71 45
79 72 135
79 73 45
79 74 135
79 75 45
79 76 45
79 77 45
79 78 45
79 79 135
79 80 135
79 81 135
79 82 45
79 83 45
79 84 135
79 85 135
79 86 45
79 87 45
79 88 135
79 89 135
79 90 45
79 91 45
79 92 45
79 93 45
79 94 135
79 95 45
79 96 45
79 97 135
79 98 135
79 99 135
80 0 135
80 1 135
80 2 45
80 3 45
80 4 45
80 5 135
80 6 45
80 7 45
80 8 45
80 9 135
80 10 135
80 11 45
80 12 135
80 13 45
80 14 45
80 15 135
80 16 135
80 17 135
80 18 135
80 19 135
80 20 135
80 21 135
80 22 135
80 23 135
80 24 45
80 25 45
80 26 135
80 27 135
80 28 135
80 29 135
80 30 45
80 31 45
80 32 135
80 33 45
80 34 45
80 35 135
80 36 45
80 37 45
80 38 45
80 39 135
80 41 135
80 42 135
80 43 135
80 45 45
80 46 45
80 47 45
80 48 45
80 49 135
80 50 45
80 51 45
80 52 135
80 53 45
80 54 45
80 55 45
80 56 135
80 57 135
80 58 135
80 59 135
80 60 45
80 61 135
80 62 45
80 63 135
80 64 135
80 65 135
80 66 135
80 67 135
80 68 135
80 69 45
80 70 45
80 71 45
80 72 45
80 73 135
80 74 45
80 75 135
80 76 45
80 77 135
80 78 135
80 79 135
80 80 135
80 81 45
80 82 135
80 83 45
80 84 135
80 85 45
80 86 45
80 87 135
80 88 135
80 89 45
80 90 135
80 91 135
80 92 135
80 93 135
80 94 135
80 95 135
80 96 45
80 97 45
80 98 45
80 99 45
81 0 45
81 1 45
81 2 45
81 3 45
81 4 135
81 5 135
81 6 45
81 7 135
81 8 45
81 9 135
81 10 45
81 11 135
81 12 45
81 13 135
81 14 45
81 15 135
81 16 135
81 17 135
81 18 135
81 19 45
81 20 45
81 21 45
81 22 45
81 23 135
81 24 45
81 25 45
81 26 45
81 27 135
81 28 135
81 29 135
81 30 45
81 31 135
81 33 135
81 34 45
81 35 135
81 36 135
81 37 45
81 38 45
81 39 135
81 40 45
81 41 45
81 42 135
81 43 45
81 45 135
81 46 135
81 47 45
81 48 45
81 49 45
81 50 135
81 51 45
81 52 135
81 53 45
81 54 135
81 55 135
81 56 135
81 57 135
81 58 135
81 59 135
81 60 45
81 61 45
81 62 135
81 63 45
81 64 45
81 65 135
81 66 45
81 67 45
81 68 135
81 69 45
81 70 135
81 71 135
81 72 45
81 73 45
81 74 45
81 75 45
81 76 45
81 77 135
81 78 45
81 79 135
81 80 135
81 81 135
81 82 45
81 83 135
81 84 135
81 85 135
81 86 45
81 87 135
81 88 135
81 89 45
81 90 135
81 91 135
81 92 135
81 93 45
81 94 135
81 95 45
81 96 135
81 97 45
81 98 135
81 99 45
82 0 135
82 1 45
82 2 45
82 3 45
82 4 45
82 5 135
82 6 45
82 7 45
82 8 135
82 9 135
82 10 135
82 11 45
82 13 45
82 14 135
82 15 45
82 16 45
82 17 45
82 18 135
82 19 135
82 20 45
82 21 135
82 22 45
82 23 135
82 24 135
82 25 135
82 26 135
82 27 45
82 28 45
82 29 135
82 30 45
82 31 45
82 32 135
82 33 45
82 34 135
82 35 45
82 36 135
82 37 45
82 38 45
82 39 135
82 40 135
82 41 45
82 42 45
82 43 45
82 45 135
82 46 135
82 47 45
82 48 45
82 49 45
82 50 45
82 51 135
82 52 45
82 53 45
82 54 45
82 55 45
82 56 135
82 57 135
82 58 45
82 59 135
82 60 45
82 61 45
82 62 45
82 63 135
82 64 135
82 65 45
82 66 45
82 67 45
82 68 135
82 69 45
82 70 135
82 71 45
82 72 45
82 73 45
82 74 135
82 75 45
82 76 45
82 77 135
82 78 45
82 79 45
82 80 45
82 81 135
82 82 135
82 83 135
82 84 135
82 85 135
82 86 135
82 87 135
82 88 45
82 89 45
82 90 45
82 91 135
82 92 45
82 93 135
82 94 135
82 95 45
82 96 45
82 97 135
82 98 135
82 99 45
83 0 135
83 1 135
83 2 135
83 3 45
83 4 135
83 5 135
83 6 45
83 7 45
83 8 45
83 9 45
83 10 135
83 11 45
83 12 135
83 14 45
83 15 45
83 16 45
83 17 45
83 18 45
83 19 45
83 20 45
83 21 135
83 22 135
83 23 45
83 24 45
83 25 45
83 26 45
83 27 45
83 28 135
83 29 135
83 30 135
83 31 135
83 32 45
83 33 45
83 34 45
83 35 45
83 36 45
83 37 135
83 38 45
83 39 45
83 40 135
83 41 135
83 42 135
83 43 135
83 45 45
83 46 45
83 47 135
83 48 135
83 49 45
83 50 45
83 51 45
83 52 45
83 53 135
83 54 135
83 55 45
83 56 45
83 57 135
83 58 135
83 59 45
83 60 135
83 61 45
83 62 45
83 63 135
83 64 135
83 65 45
83 66 45
83 67 135
83 68 135
83 69 45
83 70 45
83 71 45
83 72 135
83 73 45
83 74 45
83 75 45
83 76 135
83 77 45
83 78 45
83 79 135
83 80 135
83 81 45
83 82 45
83 83 45
83 84 135
83 85 45
83 86 45
83 87 135
83 88 135
83 89 135
83 90 135
83 91 45
83 92 45
83 93 45
83 94 45
83 95 45
83 96 45
83 97 45
83 98 135
83 99 45
84 0 135
84 1 45
84 2 135
84 3 45
84 4 135
84 5 45
84 6 45
84 7 45
84 8 45
84 9 135
84 10 135
84 11 45
84 12 45
84 13 135
84 14 45
84 15 45
84 16 45
84 17 45
84 18 45
84 19 135
84 20 135
84 21 45
84 22 135
84 23 135
84 24 45
84 25 135
84 26 45
84 27 135
84 28 45
84 29 135
84 30 45
84 31 135
84 32 45
84 33 135
84 34 135
84 35 45
84 36 45
84 37 45
84 38 135
84 39 135
84 40 45
84 41 45
84 42 135
84 43 45
84 44 135
84 45 135
84 46 45
84 47 45
84 48 45
84 49 135
84 50 135
84 51 45
84 52 45
84 53 135
84 54 135
84 55 135
84 56 45
84 57 135
84 58 135
84 59 135
84 60 45
84 61 135
84 62 45
84 63 45
84 64 45
84 65 135
84 66 45
84 67 135
84 68 135
84 69 135
84 70 135
84 71 135
84 72 45
84 73 135
84 74 45
84 75 45
84 76 135
84 77 135
84 78 45
84 79 45
84 80 45
84 81 45
84 82 45
84 83 45
84 84 135
84 85 135
84 86 135
84 87 45
84 88 135
84 89 135
84 90 135
84 91 135
84 92 45
84 93 45
84 94 45
84 95 45
84 96 45
84 97 45
84 98 45
84 99 45
85 0 45
85 1 135
85 2 135
85 3 45
85 4 135
85 5 135
85 6 45
85 7 135
85 8 45
85 9 135
85 10 135
85 11 45
85 12 135
85 13 135
85 14 45
85 15 135
85 16 135
85 17 45
85 18 135
85 19 45
85 20 135
85 21 135
85 22 135
85 23 135
85 24 135
85 25 45
85 26 135
85 27 135
85 28 135
85 29 135
85 30 135
85 31 45
85 32 45
85 33 45
85 34 45
85 35 45
85 36 45
85 37 135
85 38 45
85 39 135
85 41 45
85 42 45
85 43 135
85 44 135
85 46 135
85 47 135
85 48 45
85 49 45
85 50 45
85 51 45
85 52 45
85 53 135
85 54 45
85 55 135
85 56 135
85 57 45
85 58 45
85 59 135
85 60 135
85 61 45
85 62 45
85 63 45
85 64 135
85 65 45
85 66 45
85 67 135
85 68 135
85 69 135
85 70 135
85 71 45
85 72 135
85 73 45
85 74 135
85 75 135
85 76 45
85 77 45
85 78 135
85 79 45
85 80 135
85 81 135
85 82 45
85 83 45
85 84 135
85 85 135
85 86 45
85 87 45
85 88 135
85 89 135
85 90 45
85 91 45
85 92 45
85 93 45
85 94 135
85 95 45
85 96 135
85 97 135
85 98 45
85 99 45
86 0 45
86 1 135
86 2 135
86 3 135
86 4 135
86 5 45
86 6 45
86 7 135
86 8 135
86 9 45
86 10 45
86 11 45
86 12 135
86 13 45
86 14 45
86 15 45
86 16 135
86 17 45
86 18 135
86 19 45
86 20 135
86 21 45
86 22 45
86 23 45
86 24 45
86 25 45
86 26 135
86 27 45
86 28 45
86 29 135
86 30 45
86 31 45
86 32 45
86 33 45
86 34 135
86 35 135
86 36 135
86 37 45
86 38 45
86 39 135
86 40 45
86 41 135
86 42 45
86 43 45
86 44 45
86 46 45
86 47 45
86 48 45
86 49 135
86 50 135
86 51 135
86 52 45
86 53 135
86 54 135
86 55 135
86 56 135
86 57 135
86 58 45
86 59 135
86 60 45
86 61 45
86 62 135
86 63 45
86 64 45
86 65 45
86 66 135
86 67 135
86 68 45
86 69 45
86 70 45
86 71 45
86 72 135
86 73 135
86 74 135
86 75 135
86 76 135
86 77 45
86 78 135
86 79 45
86 80 45
86 81 135
86 82 45
86 83 135
86 84 135
86 85 45
86 86 135
86 87 45
86 88 45
86 89 135
86 90 135
86 91 135
86 92 135
86 93 135
86 94 45
86 95 45
86 97 45
86 98 135
86 99 45
87 0 45
87 1 45
87 2 135
87 3 45
87 4 45
87 5 45
87 6 135
87 7 45
87 8 45
87 9 135
87 10 45
87 11 45
87 12 45
87 14 135
87 15 135
87 16 45
87 17 135
87 18 45
87 19 135
87 20 45
87 21 135
87 22 45
87 23 135
87 24 45
87 25 135
87 26 45
87 27 45
87 28 135
87 29 45
87 30 45
87 31 45
87 32 135
87 33 135
87 34 45
87 35 45
87 36 45
87 37 45
87 38 135
87 39 135
87 40 135
87 41 45
87 42 135
87 43 45
87 44 45
87 46 45
87 47 135
87 48 45
87 49 135
87 50 45
87 51 45
87 52 45
87 53 135
87 54 45
87 55 135
87 56 135
87 57 135
87 58 45
87 59 135
87 60 45
87 61 135
87 62 45
87 63 135
87 64 45
87 65 45
87 66 45
87 67 45
87 68 45
87 69 135
87 70 45
87 71 45
87 72 45
87 73 45
87 74 45
87 75 135
87 76 45
87 78 45
87 79 135
87 80 135
87 81 45
87 82 45
87 83 45
87 84 135
87 85 135
87 86 135
87 87 135
87 88 45
87 89 45
87 90 45
87 91 45
87 92 45
87 93 45
87 94 135
87 95 45
87 96 45
87 97 45
87 98 135
87 99 45
88 0 45
88 1 135
88 2 135
88 3 135
88 4 45
88 5 135
88 6 45
88 7 45
88 8 45
88 9 135
88 10 135
88 11 135
88 12 45
88 13 45
88 14 45
88 15 135
88 16 45
88 17 45
88 18 135
88 19 135
88 20 135
88 21 45
88 22 135
88 23 45
88 24 135
88 25 45
88 26 135
88 27 45
88 28 45
88 29 45
88 30 135
88 31 45
88 32 135
88 33 135
88 34 45
88 35 45
88 36 135
88 37 135
88 38 135
88 39 45
88 40 45
88 41 45
88 42 135
88 43 135
88 44 45
88 46 135
88 47 45
88 48 45
88 49 135
88 50 45
88 51 135
88 52 135
88 53 45
88 54 45
88 55 135
88 56 45
88 57 135
88 58 45
88 59 45
88 60 135
88 61 45
88 62 135
88 63 135
88 64 45
88 65 135
88 66 45
88 67 135
88 68 135
88 69 135
88 70 45
88 71 135
88 72 45
88 73 135
88 74 135
88 75 135
88 76 135
88 77 135
88 78 135
88 79 45
88 80 135
88 81 135
88 82 45
88 83 45
88 84 135
88 85 135
88 86 135
88 87 45
88 88 45
88 89 45
88 90 45
88 91 135
88 92 45
88 93 45
88 94 45
88 95 45
88 96 45
88 98 45
88 99 135
89 0 45
89 1 45
89 2 135
89 3 45
89 4 45
89 5 45
89 6 45
89 7 135
89 8 135
89 9 45
89 10 135
89 11 45
89 12 45
89 13 45
89 14 45
89 15 135
89 16 135
89 17 135
89 18 135
89 19 45
89 20 45
89 21 45
89 22 45
89 23 45
89 24 135
89 25 135
89 26 135
89 27 135
89 28 135
89 29 135
89 30 135
89 31 45
89 32 135
89 33 135
89 34 135
89 35 45
89 36 135
89 37 135
89 38 135
89 39 135
89 40 135
89 41 135
89 42 45
89 43 45
89 44 45
89 46 45
89 47 135
89 48 135
89 49 135
89 51 135
89 52 45
89 53 45
89 54 135
89 55 45
89 56 135
89 57 135
89 58 45
89 59 135
89 60 135
89 61 45
89 62 45
89 63 45
89 64 45
89 65 45
89 66 135
89 67 135
89 68 45
89 69 45
89 70 135
89 71 135
89 72 45
89 73 135
89 74 45
89 75 45
89 76 45
89 77 45
89 78 135
89 79 45
89 80 45
89 81 45
89 82 45
89 83 135
89 84 135
89 85 135
89 86 45
89 87 135
89 89 45
89 90 45
89 91 135
89 92 45
89 93 45
89 94 45
89 95 45
89 96 45
89 97 135
89 98 135
89 99 135
90 0 45
90 1 135
90 2 45
90 3 135
90 4 45
90 5 135
90 6 135
90 7 135
90 8 45
90 9 135
90 10 45
90 11 45
90 13 135
90 14 45
90 15 45
90 16 135
90 17 45
90 18 45
90 19 135
90 20 135
90 21 135
90 22 45
90 23 45
90 24 135
90 25 135
90 26 135
90 27 45
90 28 45
90 29 45
90 30 45
90 31 45
90 32 135
90 33 45
90 34 45
90 35 135
90 36 45
90 37 45
90 38 45
90 39 45
90 41 45
90 42 135
90 43 135
90 44 135
90 46 45
90 47 45
90 48 45
90 49 135
90 50 135
90 51 45
90 52 45
90 53 45
90 54 45
90 55 135
90 56 45
90 57 135
90 58 135
90 59 45
90 60 45
90 61 135
90 62 135
90 63 135
90 64 45
90 65 135
90 66 135
90 67 135
90 68 135
90 69 135
90 70 45
90 71 45
90 72 135
90 73 45
90 74 135
90 75 45
90 76 45
90 77 135
90 78 135
90 79 135
90 80 45
90 81 45
90 82 45
90 83 45
90 84 45
90 85 45
90 86 135
90 87 45
90 88 45
90 89 45
90 90 45
90 91 135
90 92 135
90 93 135
90 94 135
90 95 45
90 96 135
90 97 45
90 98 135
90 99 45
91 0 45
91 1 45
91 2 135
91 3 45
91 4 135
91 5 135
91 6 45
91 7 45
91 8 135
91 9 135
91 10 45
91 11 135
91 12 45
91 13 135
91 14 135
91 15 135
91 16 135
91 17 45
91 18 45
91 19 135
91 20 135
91 21 45
91 22 135
91 23 45
91 24 135
91 25 135
91 26 135
91 27 135
91 28 135
91 29 135
91 30 135
91 31 45
91 32 45
91 33 135
91 34 45
91 35 135
91 36 135
91 37 45
91 38 135
91 39 135
91 40 135
91 41 135
91 42 135
91 43 45
91 46 45
91 47 135
91 48 45
91 49 135
91 50 135
91 51 45
91 52 45
91 53 45
91 54 45
91 55 135
91 56 135
91 57 135
91 58 135
91 59 45
91 60 135
91 61 135
91 62 45
91 63 135
91 64 135
91 65 45
91 66 45
91 67 135
91 68 45
91 69 135
91 70 135
91 71 135
91 72 45
91 73 135
91 74 135
91 75 135
91 76 135
91 77 45
91 78 45
91 79 45
91 80 135
91 81 135
91 82 135
91 83 135
91 84 45
91 85 135
91 86 45
91 87 135
91 88 135
91 89 135
91 91 45
91 92 135
91 93 45
91 94 135
91 95 135
91 96 135
91 97 135
91 98 45
91 99 135
92 0 45
92 1 45
92 2 135
92 3 135
92 4 135
92 5 45
92 6 135
92 7 45
92 8 135
92 9 135
92 10 135
92 11 45
92 12 135
92 13 45
92 14 135
92 15 135
92 16 135
92 17 45
92 18 45
92 19 135
92 20 135
92 21 135
92 22 45
92 23 45
92 24 45
92 25 135
92 26 45
92 27 45
92 28 135
92 29 45
92 30 135
92 31 45
92 32 135
92 33 45
92 34 135
92 35 135
92 36 45
92 37 135
92 38 45
92 39 45
92 40 135
92 41 135
92 42 45
92 43 135
92 44 135
92 46 45
92 47 45
92 48 135
92 49 135
92 50 45
92 51 45
92 52 45
92 53 45
92 54 135
92 55 45
92 56 45
92 57 135
92 58 45
92 59 45
92 60 135
92 61 135
92 62 45
92 63 45
92 64 45
92 65 135
92 66 135
92 67 45
92 68 45
92 70 135
92 71 135
92 72 45
92 73 135
92 74 135
92 76 135
92 77 45
92 78 135
92 79 135
92 80 135
92 81 135
92 82 135
92 83 45
92 85 45
92 86 45
92 87 45
92 88 45
92 89 135
92 90 135
92 91 135
92 92 45
92 93 135
92 94 45
92 95 45
92 96 135
92 97 135
92 98 45
92 99 135
93 0 45
93 1 45
93 2 135
93 3 135
93 4 135
93 5 45
93 6 45
93 7 45
93 8 135
93 9 45
93 10 45
93 11 135
93 12 45
93 13 135
93 14 135
93 15 135
93 16 45
93 17 45
93 18 135
93 19 135
93 20 135
93 21 45
93 22 45
93 23 135
93 24 135
93 25 135
93 26 135
93 27 45
93 28 135
93 29 45
93 30 45
93 31 135
93 32 45
93 33 45
93 34 45
93 35 135
93 36 135
93 37 135
93 38 135
93 39 135
93 40 45
93 41 135
93 42 45
93 43 135
93 44 45
93 46 135
93 47 45
93 48 45
93 49 45
93 50 45
93 51 135
93 52 45
93 53 135
93 54 45
93 55 135
93 56 135
93 57 45
93 58 45
93 59 45
93 60 135
93 61 45
93 62 135
93 63 135
93 64 45
93 65 45
93 66 45
93 67 135
93 68 135
93 69 45
93 70 45
93 71 45
93 72 135
93 73 135
93 74 45
93 75 135
93 76 45
93 77 45
93 78 135
93 79 135
93 80 45
93 81 135
93 82 135
93 83 45
93 84 135
93 85 45
93 86 45
93 87 135
93 88 135
93 89 135
93 90 45
93 91 135
93 92 135
93 93 135
93 94 45
93 95 135
93 96 45
93 97 45
93 98 135
93 99 135
94 0 135
94 1 45
94 2 45
94 3 45
94 4 45
94 5 45
94 6 45
94 7 45
94 8 45
94 9 135
94 10 135
94 11 45
94 12 45
94 13 45
94 14 45
94 15 45
94 16 135
94 17 135
94 18 135
94 19 135
94 20 45
94 21 135
94 22 45
94 23 135
94 24 45
94 25 135
94 26 45
94 27 135
94 28 135
94 29 45
94 30 135
94 31 45
94 32 135
94 33 135
94 34 135
94 35 135
94 36 135
94 37 45
94 38 45
94 39 135
94 40 135
94 41 135
94 42 135
94 43 135
94 44 135
94 47 45
94 48 45
94 49 45
94 50 45
94 51 135
94 52 45
94 53 45
94 54 135
94 55 135
94 56 135
94 57 135
94 58 135
94 59 135
94 60 45
94 61 45
94 62 135
94 63 45
94 64 45
94 65 135
94 66 45
94 67 45
94 68 135
94 69 45
94 70 45
94 71 45
94 72 45
94 73 135
94 74 135
94 75 135
94 76 45
94 77 135
94 78 135
94 79 135
94 80 45
94 81 135
94 82 135
94 83 45
94 84 135
94 85 45
94 86 45
94 87 45
94 88 135
94 89 45
94 90 135
94 91 45
94 92 135
94 93 135
94 94 135
94 95 45
94 96 45
94 97 45
94 98 135
94 99 45
95 0 135
95 1 45
95 2 45
95 3 45
95 4 45
95 5 135
95 6 45
95 7 45
95 8 135
95 9 135
95 10 135
95 11 45
95 12 45
95 13 45
95 14 135
95 15 135
95 16 135
95 17 45
95 18 45
95 19 45
95 20 135
95 21 135
95 22 135
95 24 135
95 25 135
95 26 45
95 27 45
95 28 45
95 29 135
95 30 135
95 31 135
95 32 45
95 33 45
95 34 45
95 35 135
95 36 45
95 37 45
95 38 135
95 39 45
95 40 135
95 41 45
95 42 45
95 43 45
95 44 45
95 46 135
95 47 135
95 48 135
95 49 45
95 50 135
95 51 45
95 52 45
95 53 45
95 54 45
95 55 45
95 56 45
95 57 135
95 58 45
95 59 135
95 60 135
95 61 135
95 62 135
95 63 45
95 64 45
95 65 45
95 66 135
95 67 45
95 68 135
95 70 45
95 71 135
95 72 135
95 73 135
95 74 135
95 75 45
95 76 135
95 77 135
95 78 45
95 79 45
95 80 135
95 81 135
95 82 135
95 83 45
95 84 135
95 85 45
95 86 135
95 87 45
95 88 45
95 89 45
95 90 45
95 91 135
95 92 45
95 93 45
95 94 135
95 95 45
95 96 135
95 97 135
95 98 45
95 99 135
96 0 45
96 1 135
96 2 135
96 3 45
96 4 135
96 5 135
96 6 45
96 7 135
96 8 45
96 9 45
96 10 45
96 11 135
96 12 45
96 13 45
96 14 135
96 15 45
96 16 135
96 17 135
96 18 135
96 19 45
96 20 135
96 21 135
96 22 45
96 23 45
96 24 135
96 25 135
96 26 135
96 27 135
96 28 135
96 29 45
96 30 45
96 31 135
96 32 135
96 33 135
96 34 45
96 35 135
96 36 45
96 37 45
96 38 45
96 39 135
96 40 135
96 41 45
96 42 45
96 43 135
96 44 45
96 46 135
96 48 45
96 49 45
96 50 135
96 51 45
96 52 45
96 67 45
96 68 135
96 69 45
96 70 45
96 71 135
96 72 135
96 73 45
96 74 135
96 75 135
96 76 45
96 77 135
96 78 135
96 79 135
96 80 135
96 81 45
96 82 45
96 83 45
96 84 45
96 85 135
96 86 45
96 87 135
96 88 135
96 89 135
96 90 135
96 91 135
96 92 45
96 93 135
96 94 45
96 95 45
96 96 135
96 97 45
96 98 135
96 99 45
97 0 45
97 1 45
97 2 135
97 3 135
97 4 135
97 5 45
97 6 45
97 7 135
97 8 45
97 9 135
97 10 45
97 11 45
97 12 135
97 13 45
97 14 45
97 15 45
97 16 45
97 17 45
97 18 135
97 19 45
97 20 45
97 21 135
97 22 135
97 24 45
97 25 135
97 26 135
97 27 135
97 28 135
97 29 45
97 30 135
97 31 45
97 32 45
97 33 135
97 34 135
97 35 135
97 36 135
97 37 45
97 38 45
97 39 135
97 40 135
97 41 45
97 42 45
97 43 135
97 44 135
97 46 135
97 47 45
97 48 45
97 49 135
97 50 135
97 51 135
97 53 135
97 54 135
97 55 135
97 56 45
97 57 135
97 58 45
97 59 45
97 60 45
97 61 45
97 62 45
97 63 45
97 64 45
97 65 45
97 67 45
97 68 135
97 69 45
97 70 45
97 71 45
97 72 45
97 73 45
97 74 45
97 75 45
97 76 45
97 77 45
97 78 45
97 79 45
97 80 135
97 81 45
97 82 45
97 83 45
97 84 135
97 85 45
97 86 45
97 87 45
97 88 135
97 89 45
97 90 45
97 91 45
97 92 45
97 93 135
97 94 135
97 95 135
97 96 135
97 97 45
97 98 45
97 99 45
98 0 135
98 1 135
98 2 45
98 3 45
98 4 135
98 6 135
98 7 45
98 8 135
98 9 135
98 10 135
98 11 45
98 12 45
98 13 135
98 14 45
98 15 135
98 16 45
98 17 45
98 18 135
98 19 135
98 20 45
98 21 135
98 22 45
98 23 45
98 24 45
98 25 45
98 26 45
98 27 45
98 28 45
98 29 135
98 30 45
98 31 135
98 32 45
98 33 135
98 34 135
98 35 135
98 36 135
98 37 45
98 38 45
98 39 45
98 40 135
98 41 135
98 42 135
98 43 135
98 44 135
98 45 135
98 52 45
98 53 45
98 54 135
98 55 135
98 56 135
98 57 135
98 58 45
98 59 135
98 60 45
98 61 45
98 62 135
98 63 135
98 64 45
98 65 135
98 67 135
98 68 135
98 69 45
98 70 45
98 71 45
98 72 45
98 73 135
98 74 45
98 75 45
98 76 45
98 77 135
98 78 45
98 79 135
98 80 135
98 81 45
98 82 135
98 83 45
98 84 135
98 85 135
98 86 45
98 87 135
98 88 135
98 89 135
98 90 135
98 91 45
98 92 135
98 93 135
98 94 45
98 95 45
98 96 45
98 97 135
98 98 135
98 99 45
99 0 45
99 1 135
99 2 135
99 3 135
99 5 135
99 6 135
99 7 45
99 8 135
99 9 45
99 10 135
99 11 45
99 12 135
99 13 135
99 14 45
99 15 45
99 16 45
99 17 45
99 18 135
99 19 45
99 20 45
99 21 135
99 22 135
99 24 45
99 25 135
99 26 135
99 27 135
99 28 135
99 29 45
99 30 45
99 31 45
99 32 135
99 33 45
99 34 45
99 35 45
99 36 45
99 37 45
99 38 135
99 39 45
99 40 45
99 41 135
99 42 135
99 43 135
99 44 135
99 45 45
99 46 135
99 47 45
99 48 135
99 49 45
99 50 45
99 51 45
99 52 135
99 53 135
99 54 135
99 55 135
99 56 45
99 57 135
99 58 45
99 59 135
99 60 135
99 61 135
99 62 45
99 63 135
99 64 135
99 65 135
99 66 135
99 99 135
